
 LIST MATERIALS       2 TO       2 BY       1
  PROPERTY= ALL 

 MATERIAL NUMBER       2

      TEMP        EX  
     298.00     0.69400E+11
     333.00     0.68200E+11
     373.00     0.66800E+11
     433.00     0.64600E+11
     473.00     0.63000E+11
     533.00     0.60500E+11
     573.00     0.58700E+11
     673.00     0.54000E+11
     773.00     0.38400E+11
     873.00     0.10600E+11

      TEMP        ALPX        REFERENCE TEMP. = 298.00
     333.00     0.22900E-04
     373.00     0.23300E-04
     403.00     0.23600E-04
     433.00     0.24000E-04
     473.00     0.24400E-04
     503.00     0.24700E-04
     533.00     0.25000E-04
     573.00     0.25400E-04
     603.00     0.25800E-04
     633.00     0.26100E-04
     673.00     0.26500E-04
     703.00     0.26800E-04
     723.00     0.28200E-04
     728.00     0.28300E-04
     733.00     0.28400E-04
     738.00     0.28500E-04
     743.00     0.28600E-04
     748.00     0.28700E-04
     753.00     0.28800E-04
     758.00     0.28900E-04
     763.00     0.29000E-04
     768.00     0.29100E-04
     773.00     0.29300E-04
     778.00     0.29400E-04
     783.00     0.29500E-04
     788.00     0.29700E-04
     793.00     0.29800E-04
     798.00     0.30000E-04
     803.00     0.30200E-04
     808.00     0.30400E-04
     813.00     0.30600E-04
     818.00     0.30800E-04
     823.00     0.31100E-04
     828.00     0.31400E-04
     833.00     0.31800E-04
     838.00     0.32200E-04
     843.00     0.32700E-04
     848.00     0.33400E-04
     853.00     0.34500E-04
     858.00     0.35800E-04
     863.00     0.36600E-04
     868.00     0.37600E-04
     873.00     0.38800E-04
     878.00     0.40200E-04
     883.00     0.42000E-04
     888.00     0.44400E-04
     893.00     0.47400E-04
     898.00     0.51500E-04
     903.00     0.57500E-04
     908.00     0.66600E-04
     933.00     0.66400E-04
     973.00     0.65600E-04
     1173.0     0.63400E-04
     1373.0     0.63300E-04
     1573.0     0.64400E-04
     1773.0     0.66000E-04
     2073.0     0.69300E-04
     2273.0     0.71800E-04
     2773.0     0.78600E-04
     3273.0     0.86100E-04

      TEMP        DENS
     298.00      2644.5    
     333.00      2638.1    
     373.00      2630.7    
     403.00      2624.9    
     433.00      2619.1    
     473.00      2611.1    
     503.00      2604.9    
     533.00      2598.7    
     573.00      2590.1    
     603.00      2583.6    
     633.00      2577.0    
     673.00      2567.9    
     703.00      2561.0    
     723.00      2552.8    
     728.00      2551.4    
     733.00      2550.1    
     738.00      2548.7    
     743.00      2547.3    
     748.00      2545.9    
     753.00      2544.5    
     758.00      2543.0    
     763.00      2541.6    
     768.00      2540.1    
     773.00      2538.6    
     778.00      2537.1    
     783.00      2535.5    
     788.00      2533.9    
     793.00      2532.2    
     798.00      2530.6    
     803.00      2528.8    
     808.00      2527.0    
     813.00      2525.1    
     818.00      2523.1    
     823.00      2521.0    
     828.00      2518.8    
     833.00      2516.3    
     838.00      2513.5    
     843.00      2510.2    
     848.00      2506.2    
     853.00      2500.9    
     858.00      2494.5    
     863.00      2490.0    
     868.00      2484.8    
     873.00      2478.7    
     878.00      2471.5    
     883.00      2462.8    
     888.00      2451.9    
     893.00      2438.2    
     898.00      2420.0    
     903.00      2394.7    
     908.00      2357.2    
     933.00      2347.5    
     973.00      2334.5    
     1173.0      2267.1    
     1373.0      2195.9    
     1573.0      2122.1    
     1773.0      2046.5    
     2073.0      1931.8    
     2273.0      1855.5    
     2773.0      1669.6    
     3273.0      1495.5    

      TEMP        KXX 
     298.00      138.00    
     333.00      143.00    
     373.00      147.00    
     403.00      150.00    
     433.00      153.00    
     473.00      156.00    
     503.00      157.00    
     533.00      159.00    
     573.00      161.00    
     603.00      162.00    
     633.00      163.00    
     673.00      164.00    
     703.00      165.00    
     723.00      164.00    
     728.00      164.00    
     733.00      164.00    
     738.00      164.00    
     743.00      164.00    
     748.00      164.00    
     753.00      164.00    
     758.00      164.00    
     763.00      164.00    
     768.00      163.00    
     773.00      163.00    
     778.00      163.00    
     783.00      163.00    
     788.00      163.00    
     793.00      162.00    
     798.00      162.00    
     803.00      162.00    
     808.00      161.00    
     813.00      161.00    
     818.00      160.00    
     823.00      160.00    
     828.00      159.00    
     833.00      158.00    
     838.00      157.00    
     843.00      155.00    
     848.00      153.00    
     853.00      149.00    
     858.00      145.00    
     863.00      143.00    
     868.00      140.00    
     873.00      137.00    
     878.00      133.00    
     883.00      128.00    
     888.00      123.00    
     893.00      116.00    
     898.00      108.00    
     903.00      98.500    
     908.00      86.400    
     933.00      86.700    
     973.00      88.100    
     1173.0      95.100    
     1373.0      102.00    
     1573.0      109.00    
     1773.0      116.00    
     2073.0      127.00    
     2273.0      134.00    
     2773.0      151.00    
     3273.0      168.84    

      TEMP        RSVX
     298.00     0.48700E-07
     333.00     0.52600E-07
     373.00     0.57100E-07
     403.00     0.60500E-07
     433.00     0.64000E-07
     473.00     0.68700E-07
     503.00     0.72300E-07
     533.00     0.75900E-07
     573.00     0.80700E-07
     603.00     0.84400E-07
     633.00     0.88100E-07
     673.00     0.93200E-07
     703.00     0.97000E-07
     723.00     0.10400E-06
     728.00     0.10500E-06
     733.00     0.10500E-06
     738.00     0.10600E-06
     743.00     0.10700E-06
     748.00     0.10800E-06
     753.00     0.10800E-06
     758.00     0.10900E-06
     763.00     0.11000E-06
     768.00     0.11100E-06
     773.00     0.11200E-06
     778.00     0.11200E-06
     783.00     0.11300E-06
     788.00     0.11400E-06
     793.00     0.11500E-06
     798.00     0.11600E-06
     803.00     0.11700E-06
     808.00     0.11800E-06
     813.00     0.11900E-06
     818.00     0.12000E-06
     823.00     0.12200E-06
     828.00     0.12300E-06
     833.00     0.12400E-06
     838.00     0.12600E-06
     843.00     0.12800E-06
     848.00     0.13100E-06
     853.00     0.13500E-06
     858.00     0.13900E-06
     863.00     0.14200E-06
     868.00     0.14500E-06
     873.00     0.14900E-06
     878.00     0.15400E-06
     883.00     0.15900E-06
     888.00     0.16600E-06
     893.00     0.17500E-06
     898.00     0.18700E-06
     903.00     0.20500E-06
     908.00     0.23200E-06
     933.00     0.23700E-06
     973.00     0.24300E-06
     1173.0     0.27100E-06
     1373.0     0.29600E-06
     1573.0     0.31700E-06
     1773.0     0.33600E-06
     2073.0     0.36000E-06
     2273.0     0.37400E-06
     2773.0     0.40300E-06
     3273.0     0.40300E-06

      TEMP        C   
     333.00      924.20    
     373.00      945.20    
     403.00      959.40    
     433.00      973.00    
     473.00      990.40    
     503.00      1003.0    
     533.00      1015.4    
     573.00      1032.0    
     603.00      1044.6    
     633.00      1057.6    
     673.00      1074.8    
     703.00      1088.0    
     723.00      1154.4    
     728.00      1160.8    
     733.00      1168.0    
     738.00      1175.6    
     743.00      1184.0    
     748.00      1193.0    
     753.00      1202.8    
     758.00      1213.8    
     763.00      1225.8    
     768.00      1239.2    
     773.00      1254.0    
     778.00      1271.2    
     783.00      1290.4    
     788.00      1312.6    
     793.00      1338.4    
     798.00      1369.2    
     803.00      1405.6    
     808.00      1450.2    
     813.00      1505.8    
     818.00      1576.4    
     823.00      1669.0    
     828.00      1794.6    
     833.00      1973.0    
     838.00      2241.6    
     843.00      2680.2    
     848.00      3486.6    
     853.00      4096.4    
     858.00      2669.4    
     863.00      2981.2    
     868.00      3390.0    
     873.00      3938.6    
     878.00      4694.8    
     883.00      5755.4    
     888.00      7084.0    
     893.00      9343.8    
     898.00      13034.    
     903.00      19582.    
     908.00      23774.    
     933.00      1182.8    
     973.00      1182.8    
     1173.0      1183.4    
     1373.0      1184.0    
     1573.0      1184.4    
     1773.0      1184.4    
     2073.0      1184.4    
     2273.0      1184.4    
     2773.0      1184.4    
     3273.0      1184.4    

      TEMP        VISC
     723.00     0.25190E-02
     728.00     0.24686E-02
     733.00     0.24200E-02
     738.00     0.23731E-02
     743.00     0.23278E-02
     748.00     0.22840E-02
     753.00     0.22416E-02
     758.00     0.22007E-02
     763.00     0.21611E-02
     768.00     0.21228E-02
     773.00     0.20858E-02
     778.00     0.20500E-02
     783.00     0.20154E-02
     788.00     0.19818E-02
     793.00     0.19494E-02
     798.00     0.19181E-02
     803.00     0.18878E-02
     808.00     0.18586E-02
     813.00     0.18303E-02
     818.00     0.18031E-02
     823.00     0.17769E-02
     828.00     0.17518E-02
     833.00     0.17277E-02
     838.00     0.17048E-02
     843.00     0.16831E-02
     848.00     0.16629E-02
     853.00     0.16445E-02
     858.00     0.16252E-02
     863.00     0.16000E-02
     868.00     0.15756E-02
     873.00     0.15522E-02
     878.00     0.15296E-02
     883.00     0.15079E-02
     888.00     0.14870E-02
     893.00     0.14654E-02
     898.00     0.14443E-02
     903.00     0.14237E-02
     908.00     0.14035E-02
     933.00     0.13228E-02
     973.00     0.12109E-02
     1173.0     0.85207E-03
     1373.0     0.66422E-03
     1573.0     0.55164E-03
     1773.0     0.47775E-03
     2073.0     0.40561E-03
     2273.0     0.37251E-03
     2773.0     0.31772E-03
     3273.0     0.28449E-03

      TEMP        ENTH
     298.00     0.78886E-30
     333.00     0.73599E+08
     373.00     0.17200E+09
     403.00     0.24600E+09
     433.00     0.32100E+09
     473.00     0.42300E+09
     503.00     0.50000E+09
     533.00     0.57700E+09
     573.00     0.68100E+09
     603.00     0.76000E+09
     633.00     0.83900E+09
     673.00     0.94600E+09
     703.00     0.10300E+10
     723.00     0.11000E+10
     728.00     0.11100E+10
     733.00     0.11300E+10
     738.00     0.11400E+10
     743.00     0.11600E+10
     748.00     0.11700E+10
     753.00     0.11900E+10
     758.00     0.12000E+10
     763.00     0.12200E+10
     768.00     0.12300E+10
     773.00     0.12400E+10
     778.00     0.12600E+10
     783.00     0.12800E+10
     788.00     0.12900E+10
     793.00     0.13100E+10
     798.00     0.13200E+10
     803.00     0.13400E+10
     808.00     0.13600E+10
     813.00     0.13700E+10
     818.00     0.13900E+10
     823.00     0.14100E+10
     828.00     0.14300E+10
     833.00     0.14500E+10
     838.00     0.14700E+10
     843.00     0.15000E+10
     848.00     0.15300E+10
     853.00     0.15700E+10
     858.00     0.16200E+10
     863.00     0.16500E+10
     868.00     0.16800E+10
     873.00     0.17200E+10
     878.00     0.17600E+10
     883.00     0.18200E+10
     888.00     0.18800E+10
     893.00     0.19500E+10
     898.00     0.20500E+10
     903.00     0.21900E+10
     908.00     0.23800E+10
     933.00     0.24500E+10
     973.00     0.25500E+10
     1173.0     0.30100E+10
     1373.0     0.34400E+10
     1573.0     0.38300E+10
     1773.0     0.41700E+10
     2073.0     0.46300E+10
     2273.0     0.48800E+10
     2773.0     0.53800E+10
     3273.0     0.57100E+10

      TEMP        PRXY
     298.00     0.33200    
     333.00     0.33400    
     373.00     0.33500    
     433.00     0.33800    
     473.00     0.34000    
     533.00     0.34300    
     573.00     0.34500    
     673.00     0.35200    
     773.00     0.37100    
     873.00     0.41000    

     REFT (REFERENCE TEMPERATURE) =   298.0000    

 LIST DATA TABLE  ALL   FOR MATERIAL      2

   MulIsoPl (MISO) Table For Material     2

          Temperature = 298.000000 

      Point        Strain        Stress   
          1    1.000000e-003   6.940000e+007  
          2    2.000000e-002   2.232700e+008  
          3    4.000000e-002   2.404400e+008  
          4    6.000000e-002   2.515100e+008  
          5    8.000000e-002   2.597900e+008  
          6    1.000000e-001   2.664600e+008  
          7    1.500000e-001   2.791100e+008  
          8    2.000000e-001   2.885100e+008  
          9    2.500000e-001   2.960400e+008  
         10    3.000000e-001   3.023500e+008  
         11    3.500000e-001   3.078000e+008  
         12    4.000000e-001   3.126100e+008  
         13    4.500000e-001   3.169200e+008  
         14    5.000000e-001   3.208200e+008  
         15    6.000000e-001   3.277000e+008  
         16    7.000000e-001   3.336300e+008  
         17    8.000000e-001   3.388600e+008  
         18    9.000000e-001   3.435400e+008  
         19    1.000000e+000   3.477800e+008  
         20    2.000000e+000   3.770600e+008  

          Temperature = 333.000000 

      Point        Strain        Stress   
          1    1.000000e-003   6.820000e+007  
          2    2.000000e-002   2.222600e+008  
          3    4.000000e-002   2.403500e+008  
          4    6.000000e-002   2.520500e+008  
          5    8.000000e-002   2.608200e+008  
          6    1.000000e-001   2.679000e+008  
          7    1.500000e-001   2.813500e+008  
          8    2.000000e-001   2.913700e+008  
          9    2.500000e-001   2.994100e+008  
         10    3.000000e-001   3.061600e+008  
         11    3.500000e-001   3.120000e+008  
         12    4.000000e-001   3.171400e+008  
         13    4.500000e-001   3.217600e+008  
         14    5.000000e-001   3.259500e+008  
         15    6.000000e-001   3.333300e+008  
         16    7.000000e-001   3.397100e+008  
         17    8.000000e-001   3.453400e+008  
         18    9.000000e-001   3.503800e+008  
         19    1.000000e+000   3.549500e+008  
         20    2.000000e+000   3.549500e+008  

          Temperature = 373.000000 

      Point        Strain        Stress   
          1    1.000000e-003   6.680000e+007  
          2    2.000000e-002   2.258800e+008  
          3    4.000000e-002   2.470300e+008  
          4    6.000000e-002   2.608300e+008  
          5    8.000000e-002   2.712500e+008  
          6    1.000000e-001   2.796800e+008  
          7    1.500000e-001   2.958100e+008  
          8    2.000000e-001   3.078900e+008  
          9    2.500000e-001   3.114200e+008  
         10    3.000000e-001   3.114200e+008  
         11    3.500000e-001   3.114200e+008  
         12    4.000000e-001   3.114200e+008  
         13    4.500000e-001   3.114200e+008  
         14    5.000000e-001   3.114200e+008  
         15    6.000000e-001   3.114200e+008  
         16    7.000000e-001   3.114200e+008  
         17    8.000000e-001   3.114200e+008  
         18    9.000000e-001   3.114200e+008  
         19    1.000000e+000   3.114200e+008  
         20    2.000000e+000   3.114200e+008  

          Temperature = 433.000000 

      Point        Strain        Stress   
          1    1.000000e-003   6.460000e+007  
          2    2.000000e-002   2.400000e+008  
          3    4.000000e-002   2.576600e+008  
          4    6.000000e-002   2.576600e+008  
          5    8.000000e-002   2.576600e+008  
          6    1.000000e-001   2.576600e+008  
          7    1.500000e-001   2.576600e+008  
          8    2.000000e-001   2.576600e+008  
          9    2.500000e-001   2.576600e+008  
         10    3.000000e-001   2.576600e+008  
         11    3.500000e-001   2.576600e+008  
         12    4.000000e-001   2.576600e+008  
         13    4.500000e-001   2.576600e+008  
         14    5.000000e-001   2.576600e+008  
         15    6.000000e-001   2.576600e+008  
         16    7.000000e-001   2.576600e+008  
         17    8.000000e-001   2.576600e+008  
         18    9.000000e-001   2.576600e+008  
         19    1.000000e+000   2.576600e+008  
         20    2.000000e+000   2.576600e+008  

          Temperature = 473.000000 

      Point        Strain        Stress   
          1    1.000000e-003   6.300000e+007  
          2    2.000000e-002   2.261400e+008  
          3    4.000000e-002   2.261400e+008  
          4    6.000000e-002   2.261400e+008  
          5    8.000000e-002   2.261400e+008  
          6    1.000000e-001   2.261400e+008  
          7    1.500000e-001   2.261400e+008  
          8    2.000000e-001   2.261400e+008  
          9    2.500000e-001   2.261400e+008  
         10    3.000000e-001   2.261400e+008  
         11    3.500000e-001   2.261400e+008  
         12    4.000000e-001   2.261400e+008  
         13    4.500000e-001   2.261400e+008  
         14    5.000000e-001   2.261400e+008  
         15    6.000000e-001   2.261400e+008  
         16    7.000000e-001   2.261400e+008  
         17    8.000000e-001   2.261400e+008  
         18    9.000000e-001   2.261400e+008  
         19    1.000000e+000   2.261400e+008  
         20    2.000000e+000   2.261400e+008  

          Temperature = 533.000000 

      Point        Strain        Stress   
          1    1.000000e-003   6.050000e+007  
          2    2.000000e-002   1.893600e+008  
          3    4.000000e-002   1.893600e+008  
          4    6.000000e-002   1.893600e+008  
          5    8.000000e-002   1.893600e+008  
          6    1.000000e-001   1.893600e+008  
          7    1.500000e-001   1.893600e+008  
          8    2.000000e-001   1.893600e+008  
          9    2.500000e-001   1.893600e+008  
         10    3.000000e-001   1.893600e+008  
         11    3.500000e-001   1.893600e+008  
         12    4.000000e-001   1.893600e+008  
         13    4.500000e-001   1.893600e+008  
         14    5.000000e-001   1.893600e+008  
         15    6.000000e-001   1.893600e+008  
         16    7.000000e-001   1.893600e+008  
         17    8.000000e-001   1.893600e+008  
         18    9.000000e-001   1.893600e+008  
         19    1.000000e+000   1.893600e+008  
         20    2.000000e+000   1.893600e+008  

          Temperature = 573.000000 

      Point        Strain        Stress   
          1    1.000000e-003   5.870000e+007  
          2    2.000000e-002   1.683700e+008  
          3    4.000000e-002   1.683700e+008  
          4    6.000000e-002   1.683700e+008  
          5    8.000000e-002   1.683700e+008  
          6    1.000000e-001   1.683700e+008  
          7    1.500000e-001   1.683700e+008  
          8    2.000000e-001   1.683700e+008  
          9    2.500000e-001   1.683700e+008  
         10    3.000000e-001   1.683700e+008  
         11    3.500000e-001   1.683700e+008  
         12    4.000000e-001   1.683700e+008  
         13    4.500000e-001   1.683700e+008  
         14    5.000000e-001   1.683700e+008  
         15    6.000000e-001   1.683700e+008  
         16    7.000000e-001   1.683700e+008  
         17    8.000000e-001   1.683700e+008  
         18    9.000000e-001   1.683700e+008  
         19    1.000000e+000   1.683700e+008  
         20    2.000000e+000   1.683700e+008  

          Temperature = 673.000000 

      Point        Strain        Stress   
          1    1.000000e-003   5.400000e+007  
          2    2.000000e-002   1.216000e+008  
          3    4.000000e-002   1.216000e+008  
          4    6.000000e-002   1.216000e+008  
          5    8.000000e-002   1.216000e+008  
          6    1.000000e-001   1.216000e+008  
          7    1.500000e-001   1.216000e+008  
          8    2.000000e-001   1.216000e+008  
          9    2.500000e-001   1.216000e+008  
         10    3.000000e-001   1.216000e+008  
         11    3.500000e-001   1.216000e+008  
         12    4.000000e-001   1.216000e+008  
         13    4.500000e-001   1.216000e+008  
         14    5.000000e-001   1.216000e+008  
         15    6.000000e-001   1.216000e+008  
         16    7.000000e-001   1.216000e+008  
         17    8.000000e-001   1.216000e+008  
         18    9.000000e-001   1.216000e+008  
         19    1.000000e+000   1.216000e+008  
         20    2.000000e+000   1.216000e+008  

          Temperature = 773.000000 

      Point        Strain        Stress   
          1    1.000000e-003   3.840000e+007  
          2    2.000000e-002   8.986000e+007  
          3    4.000000e-002   8.986000e+007  
          4    6.000000e-002   8.986000e+007  
          5    8.000000e-002   8.986000e+007  
          6    1.000000e-001   8.986000e+007  
          7    1.500000e-001   8.986000e+007  
          8    2.000000e-001   8.986000e+007  
          9    2.500000e-001   8.986000e+007  
         10    3.000000e-001   8.986000e+007  
         11    3.500000e-001   8.986000e+007  
         12    4.000000e-001   8.986000e+007  
         13    4.500000e-001   8.986000e+007  
         14    5.000000e-001   8.986000e+007  
         15    6.000000e-001   8.986000e+007  
         16    7.000000e-001   8.986000e+007  
         17    8.000000e-001   8.986000e+007  
         18    9.000000e-001   8.986000e+007  
         19    1.000000e+000   8.986000e+007  
         20    2.000000e+000   8.986000e+007  

          Temperature = 873.000000 

      Point        Strain        Stress   
          1    1.000000e-003   1.060000e+007  
          2    2.000000e-002   2.696200e+007  
          3    4.000000e-002   2.696200e+007  
          4    6.000000e-002   2.696200e+007  
          5    8.000000e-002   2.696200e+007  
          6    1.000000e-001   2.696200e+007  
          7    1.500000e-001   2.696200e+007  
          8    2.000000e-001   2.696200e+007  
          9    2.500000e-001   2.696200e+007  
         10    3.000000e-001   2.696200e+007  
         11    3.500000e-001   2.696200e+007  
         12    4.000000e-001   2.696200e+007  
         13    4.500000e-001   2.696200e+007  
         14    5.000000e-001   2.696200e+007  
         15    6.000000e-001   2.696200e+007  
         16    7.000000e-001   2.696200e+007  
         17    8.000000e-001   2.696200e+007  
         18    9.000000e-001   2.696200e+007  
         19    1.000000e+000   2.696200e+007  
         20    2.000000e+000   2.696200e+007  


