Time (s)	Stromstärke (A)			
0.000E+00	0.000E+00			
5.000E-06	4.680E+02			
1.000E-05	1.025E+03			
1.500E-05	1.450E+03			
2.000E-05	2.094E+03			
2.500E-05	2.527E+03			
3.000E-05	3.056E+03			
3.500E-05	3.469E+03			
4.000E-05	4.092E+03			
4.500E-05	4.481E+03			
5.000E-05	5.014E+03			
5.500E-05	5.390E+03			
6.000E-05	5.813E+03			
6.500E-05	6.290E+03			
7.000E-05	6.700E+03			
7.500E-05	7.258E+03			
8.000E-05	7.657E+03			
8.500E-05	7.984E+03			
9.000E-05	8.652E+03			
9.500E-05	8.848E+03			
1.000E-04	9.586E+03			
1.050E-04	9.611E+03			
1.100E-04	1.045E+04			
1.150E-04	1.067E+04			
1.200E-04	1.111E+04			
1.250E-04	1.165E+04			
1.300E-04	1.194E+04			
1.350E-04	1.236E+04			
1.400E-04	1.282E+04			
1.450E-04	1.318E+04			
1.500E-04	1.361E+04			
1.550E-04	1.414E+04			
1.600E-04	1.439E+04			
1.650E-04	1.474E+04			
1.700E-04	1.534E+04			
1.750E-04	1.552E+04			
1.800E-04	1.622E+04			
1.850E-04	1.636E+04			
1.900E-04	1.685E+04			
1.950E-04	1.734E+04			
2.000E-04	1.764E+04			
2.050E-04	1.789E+04			
2.100E-04	1.866E+04			
2.150E-04	1.875E+04			
2.200E-04	1.937E+04			
2.250E-04	1.954E+04			
2.300E-04	2.006E+04			
2.350E-04	2.042E+04			
2.400E-04	2.073E+04			
2.450E-04	2.118E+04			
2.500E-04	2.146E+04			
2.550E-04	2.190E+04			
2.600E-04	2.229E+04			
2.650E-04	2.277E+04			
2.700E-04	2.307E+04			
2.750E-04	2.357E+04			
2.800E-04	2.369E+04			
2.850E-04	2.423E+04			
2.900E-04	2.460E+04			
2.950E-04	2.482E+04			
3.000E-04	2.551E+04			
3.050E-04	2.549E+04			
3.100E-04	2.622E+04			
3.150E-04	2.626E+04			
3.200E-04	2.694E+04			
3.250E-04	2.703E+04			
3.300E-04	2.760E+04			
3.350E-04	2.779E+04			
3.400E-04	2.830E+04			
3.450E-04	2.855E+04			
3.500E-04	2.901E+04			
3.550E-04	2.934E+04			
3.600E-04	2.961E+04			
3.650E-04	3.013E+04			
3.700E-04	3.027E+04			
3.750E-04	3.091E+04			
3.800E-04	3.103E+04			
3.850E-04	3.155E+04			
3.900E-04	3.172E+04			
3.950E-04	3.216E+04			
4.000E-04	3.250E+04			
4.050E-04	3.286E+04			
4.100E-04	3.318E+04			
4.150E-04	3.368E+04			
4.200E-04	3.397E+04			
4.250E-04	3.412E+04			
4.300E-04	3.468E+04			
4.350E-04	3.482E+04			
4.400E-04	3.537E+04			
4.450E-04	3.544E+04			
4.500E-04	3.608E+04			
4.550E-04	3.621E+04			
4.600E-04	3.665E+04			
4.650E-04	3.704E+04			
4.700E-04	3.725E+04			
4.750E-04	3.779E+04			
4.800E-04	3.792E+04			
4.850E-04	3.829E+04			
4.900E-04	3.878E+04			
4.950E-04	3.892E+04			
5.000E-04	3.942E+04			
5.050E-04	3.950E+04			
5.100E-04	4.001E+04			
5.150E-04	4.021E+04			
5.200E-04	4.071E+04			
5.250E-04	4.091E+04			
5.300E-04	4.137E+04			
5.350E-04	4.159E+04			
5.400E-04	4.201E+04			
5.450E-04	4.215E+04			
5.500E-04	4.264E+04			
5.550E-04	4.286E+04			
5.600E-04	4.327E+04			
5.650E-04	4.349E+04			
5.700E-04	4.409E+04			
5.750E-04	4.402E+04			
5.800E-04	4.465E+04			
5.850E-04	4.477E+04			
5.900E-04	4.516E+04			
5.950E-04	4.550E+04			
6.000E-04	4.579E+04			
6.050E-04	4.603E+04			
6.100E-04	4.656E+04			
6.150E-04	4.667E+04			
6.200E-04	4.700E+04			
6.250E-04	4.740E+04			
6.300E-04	4.761E+04			
6.350E-04	4.798E+04			
6.400E-04	4.836E+04			
6.450E-04	4.850E+04			
6.500E-04	4.909E+04			
6.550E-04	4.909E+04			
6.600E-04	4.950E+04			
6.650E-04	4.981E+04			
6.700E-04	5.013E+04			
6.750E-04	5.043E+04			
6.800E-04	5.073E+04			
6.850E-04	5.114E+04			
6.900E-04	5.139E+04			
6.950E-04	5.162E+04			
7.000E-04	5.214E+04			
7.050E-04	5.206E+04			
7.100E-04	5.265E+04			
7.150E-04	5.287E+04			
7.200E-04	5.310E+04			
7.250E-04	5.357E+04			
7.300E-04	5.374E+04			
7.350E-04	5.407E+04			
7.400E-04	5.429E+04			
7.450E-04	5.475E+04			
7.500E-04	5.495E+04			
7.550E-04	5.524E+04			
7.600E-04	5.562E+04			
7.650E-04	5.583E+04			
7.700E-04	5.621E+04			
7.750E-04	5.639E+04			
7.800E-04	5.667E+04			
7.850E-04	5.705E+04			
7.900E-04	5.740E+04			
7.950E-04	5.747E+04			
8.000E-04	5.801E+04			
8.050E-04	5.804E+04			
8.100E-04	5.857E+04			
8.150E-04	5.872E+04			
8.200E-04	5.899E+04			
8.250E-04	5.926E+04			
8.300E-04	5.980E+04			
8.350E-04	5.973E+04			
8.400E-04	6.035E+04			
8.450E-04	6.038E+04			
8.500E-04	6.079E+04			
8.550E-04	6.090E+04			
8.600E-04	6.140E+04			
8.650E-04	6.155E+04			
8.700E-04	6.189E+04			
8.750E-04	6.234E+04			
8.800E-04	6.229E+04			
8.850E-04	6.297E+04			
8.900E-04	6.275E+04			
8.950E-04	6.342E+04			
9.000E-04	6.344E+04			
9.050E-04	6.397E+04			
9.100E-04	6.407E+04			
9.150E-04	6.435E+04			
9.200E-04	6.475E+04			
9.250E-04	6.498E+04			
9.300E-04	6.518E+04			
9.350E-04	6.563E+04			
9.400E-04	6.556E+04			
9.450E-04	6.621E+04			
9.500E-04	6.617E+04			
9.550E-04	6.674E+04			
9.600E-04	6.675E+04			
9.650E-04	6.725E+04			
9.700E-04	6.731E+04			
9.750E-04	6.770E+04			
9.800E-04	6.794E+04			
9.850E-04	6.823E+04			
9.900E-04	6.854E+04			
9.950E-04	6.863E+04			
1.000E-03	6.914E+04			
1.005E-03	6.920E+04			
1.010E-03	6.952E+04			
1.015E-03	6.992E+04			
1.020E-03	6.999E+04			
1.025E-03	7.052E+04			
1.030E-03	7.044E+04			
1.035E-03	7.099E+04			
1.040E-03	7.100E+04			
1.045E-03	7.145E+04			
1.050E-03	7.163E+04			
1.055E-03	7.186E+04			
1.060E-03	7.228E+04			
1.065E-03	7.241E+04			
1.070E-03	7.279E+04			
1.075E-03	7.285E+04			
1.080E-03	7.340E+04			
1.085E-03	7.341E+04			
1.090E-03	7.378E+04			
1.095E-03	7.394E+04			
1.100E-03	7.445E+04			
1.105E-03	7.435E+04			
1.110E-03	7.493E+04			
1.115E-03	7.494E+04			
1.120E-03	7.538E+04			
1.125E-03	7.551E+04			
1.130E-03	7.578E+04			
1.135E-03	7.618E+04			
1.140E-03	7.621E+04			
1.145E-03	7.670E+04			
1.150E-03	7.662E+04			
1.155E-03	7.724E+04			
1.160E-03	7.718E+04			
1.165E-03	7.767E+04			
1.170E-03	7.771E+04			
1.175E-03	7.825E+04			
1.180E-03	7.830E+04			
1.185E-03	7.864E+04			
1.190E-03	7.874E+04			
1.195E-03	7.911E+04			
1.200E-03	7.922E+04			
1.205E-03	7.965E+04			
1.210E-03	7.974E+04			
1.215E-03	8.026E+04			
1.220E-03	8.016E+04			
1.225E-03	8.059E+04			
1.230E-03	8.085E+04			
1.235E-03	8.096E+04			
1.240E-03	8.133E+04			
1.245E-03	8.161E+04			
1.250E-03	8.161E+04			
1.255E-03	8.217E+04			
1.260E-03	8.208E+04			
1.265E-03	8.262E+04			
1.270E-03	8.257E+04			
1.275E-03	8.325E+04			
1.280E-03	8.301E+04			
1.285E-03	8.368E+04			
1.290E-03	8.357E+04			
1.295E-03	8.409E+04			
1.300E-03	8.402E+04			
1.305E-03	8.446E+04			
1.310E-03	8.457E+04			
1.315E-03	8.481E+04			
1.320E-03	8.518E+04			
1.325E-03	8.533E+04			
1.330E-03	8.562E+04			
1.335E-03	8.589E+04			
1.340E-03	8.596E+04			
1.345E-03	8.628E+04			
1.350E-03	8.656E+04			
1.355E-03	8.679E+04			
1.360E-03	8.697E+04			
1.365E-03	8.725E+04			
1.370E-03	8.738E+04			
1.375E-03	8.780E+04			
1.380E-03	8.772E+04			
1.385E-03	8.829E+04			
1.390E-03	8.825E+04			
1.395E-03	8.872E+04			
1.400E-03	8.875E+04			
1.405E-03	8.915E+04			
1.410E-03	8.919E+04			
1.415E-03	8.964E+04			
1.420E-03	8.967E+04			
1.425E-03	8.989E+04			
1.430E-03	9.030E+04			
1.435E-03	9.041E+04			
1.440E-03	9.067E+04			
1.445E-03	9.091E+04			
1.450E-03	9.101E+04			
1.455E-03	9.142E+04			
1.460E-03	9.131E+04			
1.465E-03	9.195E+04			
1.470E-03	9.195E+04			
1.475E-03	9.226E+04			
1.480E-03	9.245E+04			
1.485E-03	9.279E+04			
1.490E-03	9.264E+04			
1.495E-03	9.343E+04			
1.500E-03	9.300E+04			
1.505E-03	9.373E+04			
1.510E-03	9.365E+04			
1.515E-03	9.412E+04			
1.520E-03	9.407E+04			
1.525E-03	9.459E+04			
1.530E-03	9.450E+04			
1.535E-03	9.500E+04			
1.540E-03	9.488E+04			
1.545E-03	9.531E+04			
1.550E-03	9.550E+04			
1.555E-03	9.569E+04			
1.560E-03	9.599E+04			
1.565E-03	9.608E+04			
1.570E-03	9.641E+04			
1.575E-03	9.651E+04			
1.580E-03	9.675E+04			
1.585E-03	9.706E+04			
1.590E-03	9.718E+04			
1.595E-03	9.743E+04			
1.600E-03	9.762E+04			
1.605E-03	9.766E+04			
1.610E-03	9.822E+04			
1.615E-03	9.806E+04			
1.620E-03	9.870E+04			
1.625E-03	9.843E+04			
1.630E-03	9.913E+04			
1.635E-03	9.889E+04			
1.640E-03	9.944E+04			
1.645E-03	9.938E+04			
1.650E-03	9.985E+04			
1.655E-03	9.978E+04			
1.660E-03	1.002E+05			
1.665E-03	1.002E+05			
1.670E-03	1.007E+05			
1.675E-03	1.007E+05			
1.680E-03	1.010E+05			
1.685E-03	1.010E+05			
1.690E-03	1.015E+05			
1.695E-03	1.014E+05			
1.700E-03	1.019E+05			
1.705E-03	1.018E+05			
1.710E-03	1.022E+05			
1.715E-03	1.023E+05			
1.720E-03	1.026E+05			
1.725E-03	1.026E+05			
1.730E-03	1.031E+05			
1.735E-03	1.030E+05			
1.740E-03	1.034E+05			
1.745E-03	1.035E+05			
1.750E-03	1.038E+05			
1.755E-03	1.039E+05			
1.760E-03	1.041E+05			
1.765E-03	1.043E+05			
1.770E-03	1.045E+05			
1.775E-03	1.047E+05			
1.780E-03	1.050E+05			
1.785E-03	1.051E+05			
1.790E-03	1.053E+05			
1.795E-03	1.055E+05			
1.800E-03	1.055E+05			
1.805E-03	1.060E+05			
1.810E-03	1.060E+05			
1.815E-03	1.063E+05			
1.820E-03	1.065E+05			
1.825E-03	1.067E+05			
1.830E-03	1.069E+05			
1.835E-03	1.069E+05			
1.840E-03	1.073E+05			
1.845E-03	1.073E+05			
1.850E-03	1.077E+05			
1.855E-03	1.077E+05			
1.860E-03	1.081E+05			
1.865E-03	1.080E+05			
1.870E-03	1.086E+05			
1.875E-03	1.083E+05			
1.880E-03	1.089E+05			
1.885E-03	1.088E+05			
1.890E-03	1.092E+05			
1.895E-03	1.092E+05			
1.900E-03	1.096E+05			
1.905E-03	1.094E+05			
1.910E-03	1.101E+05			
1.915E-03	1.097E+05			
1.920E-03	1.104E+05			
1.925E-03	1.103E+05			
1.930E-03	1.107E+05			
1.935E-03	1.106E+05			
1.940E-03	1.111E+05			
1.945E-03	1.111E+05			
1.950E-03	1.113E+05			
1.955E-03	1.115E+05			
1.960E-03	1.118E+05			
1.965E-03	1.118E+05			
1.970E-03	1.121E+05			
1.975E-03	1.122E+05			
1.980E-03	1.124E+05			
1.985E-03	1.126E+05			
1.990E-03	1.127E+05			
1.995E-03	1.130E+05			
2.000E-03	1.130E+05			
2.005E-03	1.133E+05			
2.010E-03	1.136E+05			
2.015E-03	1.135E+05			
2.020E-03	1.138E+05			
2.025E-03	1.140E+05			
2.030E-03	1.141E+05			
2.035E-03	1.144E+05			
2.040E-03	1.145E+05			
2.045E-03	1.148E+05			
2.050E-03	1.148E+05			
2.055E-03	1.151E+05			
2.060E-03	1.152E+05			
2.065E-03	1.154E+05			
2.070E-03	1.156E+05			
2.075E-03	1.158E+05			
2.080E-03	1.158E+05			
2.085E-03	1.163E+05			
2.090E-03	1.162E+05			
2.095E-03	1.164E+05			
2.100E-03	1.166E+05			
2.105E-03	1.168E+05			
2.110E-03	1.167E+05			
2.115E-03	1.171E+05			
2.120E-03	1.173E+05			
2.125E-03	1.173E+05			
2.130E-03	1.177E+05			
2.135E-03	1.176E+05			
2.140E-03	1.179E+05			
2.145E-03	1.182E+05			
2.150E-03	1.182E+05			
2.155E-03	1.185E+05			
2.160E-03	1.186E+05			
2.165E-03	1.188E+05			
2.170E-03	1.189E+05			
2.175E-03	1.189E+05			
2.180E-03	1.195E+05			
2.185E-03	1.192E+05			
2.190E-03	1.198E+05			
2.195E-03	1.195E+05			
2.200E-03	1.200E+05			
2.205E-03	1.200E+05			
2.210E-03	1.202E+05			
2.215E-03	1.203E+05			
2.220E-03	1.205E+05			
2.225E-03	1.207E+05			
2.230E-03	1.208E+05			
2.235E-03	1.211E+05			
2.240E-03	1.211E+05			
2.245E-03	1.214E+05			
2.250E-03	1.213E+05			
2.255E-03	1.217E+05			
2.260E-03	1.218E+05			
2.265E-03	1.219E+05			
2.270E-03	1.221E+05			
2.275E-03	1.223E+05			
2.280E-03	1.224E+05			
2.285E-03	1.226E+05			
2.290E-03	1.226E+05			
2.295E-03	1.229E+05			
2.300E-03	1.231E+05			
2.305E-03	1.232E+05			
2.310E-03	1.232E+05			
2.315E-03	1.236E+05			
2.320E-03	1.236E+05			
2.325E-03	1.238E+05			
2.330E-03	1.238E+05			
2.335E-03	1.242E+05			
2.340E-03	1.242E+05			
2.345E-03	1.244E+05			
2.350E-03	1.246E+05			
2.355E-03	1.247E+05			
2.360E-03	1.248E+05			
2.365E-03	1.251E+05			
2.370E-03	1.250E+05			
2.375E-03	1.254E+05			
2.380E-03	1.255E+05			
2.385E-03	1.256E+05			
2.390E-03	1.258E+05			
2.395E-03	1.259E+05			
2.400E-03	1.261E+05			
2.405E-03	1.261E+05			
2.410E-03	1.263E+05			
2.415E-03	1.266E+05			
2.420E-03	1.265E+05			
2.425E-03	1.269E+05			
2.430E-03	1.270E+05			
2.435E-03	1.270E+05			
2.440E-03	1.273E+05			
2.445E-03	1.274E+05			
2.450E-03	1.274E+05			
2.455E-03	1.277E+05			
2.460E-03	1.277E+05			
2.465E-03	1.279E+05			
2.470E-03	1.282E+05			
2.475E-03	1.281E+05			
2.480E-03	1.285E+05			
2.485E-03	1.282E+05			
2.490E-03	1.288E+05			
2.495E-03	1.287E+05			
2.500E-03	1.289E+05			
2.505E-03	1.291E+05			
2.510E-03	1.292E+05			
2.515E-03	1.292E+05			
2.520E-03	1.295E+05			
2.525E-03	1.296E+05			
2.530E-03	1.298E+05			
2.535E-03	1.298E+05			
2.540E-03	1.302E+05			
2.545E-03	1.299E+05			
2.550E-03	1.305E+05			
2.555E-03	1.303E+05			
2.560E-03	1.305E+05			
2.565E-03	1.308E+05			
2.570E-03	1.308E+05			
2.575E-03	1.309E+05			
2.580E-03	1.312E+05			
2.585E-03	1.311E+05			
2.590E-03	1.314E+05			
2.595E-03	1.315E+05			
2.600E-03	1.315E+05			
2.605E-03	1.318E+05			
2.610E-03	1.320E+05			
2.615E-03	1.319E+05			
2.620E-03	1.324E+05			
2.625E-03	1.321E+05			
2.630E-03	1.325E+05			
2.635E-03	1.326E+05			
2.640E-03	1.326E+05			
2.645E-03	1.329E+05			
2.650E-03	1.331E+05			
2.655E-03	1.329E+05			
2.660E-03	1.334E+05			
2.665E-03	1.331E+05			
2.670E-03	1.336E+05			
2.675E-03	1.334E+05			
2.680E-03	1.337E+05			
2.685E-03	1.339E+05			
2.690E-03	1.340E+05			
2.695E-03	1.341E+05			
2.700E-03	1.343E+05			
2.705E-03	1.343E+05			
2.710E-03	1.345E+05			
2.715E-03	1.346E+05			
2.720E-03	1.347E+05			
2.725E-03	1.348E+05			
2.730E-03	1.351E+05			
2.735E-03	1.348E+05			
2.740E-03	1.355E+05			
2.745E-03	1.350E+05			
2.750E-03	1.356E+05			
2.755E-03	1.355E+05			
2.760E-03	1.358E+05			
2.765E-03	1.358E+05			
2.770E-03	1.361E+05			
2.775E-03	1.360E+05			
2.780E-03	1.362E+05			
2.785E-03	1.363E+05			
2.790E-03	1.363E+05			
2.795E-03	1.366E+05			
2.800E-03	1.366E+05			
2.805E-03	1.368E+05			
2.810E-03	1.369E+05			
2.815E-03	1.369E+05			
2.820E-03	1.372E+05			
2.825E-03	1.371E+05			
2.830E-03	1.374E+05			
2.835E-03	1.373E+05			
2.840E-03	1.378E+05			
2.845E-03	1.376E+05			
2.850E-03	1.379E+05			
2.855E-03	1.378E+05			
2.860E-03	1.381E+05			
2.865E-03	1.383E+05			
2.870E-03	1.380E+05			
2.875E-03	1.387E+05			
2.880E-03	1.382E+05			
2.885E-03	1.389E+05			
2.890E-03	1.384E+05			
2.895E-03	1.391E+05			
2.900E-03	1.387E+05			
2.905E-03	1.393E+05			
2.910E-03	1.390E+05			
2.915E-03	1.394E+05			
2.920E-03	1.393E+05			
2.925E-03	1.396E+05			
2.930E-03	1.396E+05			
2.935E-03	1.397E+05			
2.940E-03	1.399E+05			
2.945E-03	1.399E+05			
2.950E-03	1.400E+05			
2.955E-03	1.402E+05			
2.960E-03	1.402E+05			
2.965E-03	1.404E+05			
2.970E-03	1.404E+05			
2.975E-03	1.406E+05			
2.980E-03	1.406E+05			
2.985E-03	1.409E+05			
2.990E-03	1.408E+05			
2.995E-03	1.412E+05			
3.000E-03	1.410E+05			
3.005E-03	1.413E+05			
3.010E-03	1.412E+05			
3.015E-03	1.415E+05			
3.020E-03	1.415E+05			
3.025E-03	1.415E+05			
3.030E-03	1.418E+05			
3.035E-03	1.417E+05			
3.040E-03	1.421E+05			
3.045E-03	1.419E+05			
3.050E-03	1.422E+05			
3.055E-03	1.423E+05			
3.060E-03	1.423E+05			
3.065E-03	1.424E+05			
3.070E-03	1.426E+05			
3.075E-03	1.426E+05			
3.080E-03	1.426E+05			
3.085E-03	1.429E+05			
3.090E-03	1.427E+05			
3.095E-03	1.432E+05			
3.100E-03	1.431E+05			
3.105E-03	1.432E+05			
3.110E-03	1.433E+05			
3.115E-03	1.434E+05			
3.120E-03	1.435E+05			
3.125E-03	1.436E+05			
3.130E-03	1.437E+05			
3.135E-03	1.439E+05			
3.140E-03	1.439E+05			
3.145E-03	1.439E+05			
3.150E-03	1.442E+05			
3.155E-03	1.441E+05			
3.160E-03	1.443E+05			
3.165E-03	1.443E+05			
3.170E-03	1.446E+05			
3.175E-03	1.444E+05			
3.180E-03	1.448E+05			
3.185E-03	1.447E+05			
3.190E-03	1.447E+05			
3.195E-03	1.451E+05			
3.200E-03	1.447E+05			
3.205E-03	1.452E+05			
3.210E-03	1.451E+05			
3.215E-03	1.454E+05			
3.220E-03	1.452E+05			
3.225E-03	1.455E+05			
3.230E-03	1.454E+05			
3.235E-03	1.456E+05			
3.240E-03	1.458E+05			
3.245E-03	1.456E+05			
3.250E-03	1.460E+05			
3.255E-03	1.459E+05			
3.260E-03	1.460E+05			
3.265E-03	1.462E+05			
3.270E-03	1.460E+05			
3.275E-03	1.466E+05			
3.280E-03	1.461E+05			
3.285E-03	1.467E+05			
3.290E-03	1.465E+05			
3.295E-03	1.467E+05			
3.300E-03	1.468E+05			
3.305E-03	1.467E+05			
3.310E-03	1.470E+05			
3.315E-03	1.469E+05			
3.320E-03	1.470E+05			
3.325E-03	1.472E+05			
3.330E-03	1.472E+05			
3.335E-03	1.474E+05			
3.340E-03	1.473E+05			
3.345E-03	1.475E+05			
3.350E-03	1.475E+05			
3.355E-03	1.477E+05			
3.360E-03	1.475E+05			
3.365E-03	1.479E+05			
3.370E-03	1.478E+05			
3.375E-03	1.480E+05			
3.380E-03	1.480E+05			
3.385E-03	1.481E+05			
3.390E-03	1.482E+05			
3.395E-03	1.482E+05			
3.400E-03	1.484E+05			
3.405E-03	1.483E+05			
3.410E-03	1.487E+05			
3.415E-03	1.485E+05			
3.420E-03	1.487E+05			
3.425E-03	1.486E+05			
3.430E-03	1.490E+05			
3.435E-03	1.487E+05			
3.440E-03	1.491E+05			
3.445E-03	1.491E+05			
3.450E-03	1.491E+05			
3.455E-03	1.493E+05			
3.460E-03	1.491E+05			
3.465E-03	1.495E+05			
3.470E-03	1.494E+05			
3.475E-03	1.494E+05			
3.480E-03	1.496E+05			
3.485E-03	1.495E+05			
3.490E-03	1.498E+05			
3.495E-03	1.497E+05			
3.500E-03	1.498E+05			
3.505E-03	1.499E+05			
3.510E-03	1.500E+05			
3.515E-03	1.500E+05			
3.520E-03	1.501E+05			
3.525E-03	1.504E+05			
3.530E-03	1.502E+05			
3.535E-03	1.504E+05			
3.540E-03	1.503E+05			
3.545E-03	1.505E+05			
3.550E-03	1.504E+05			
3.555E-03	1.507E+05			
3.560E-03	1.506E+05			
3.565E-03	1.509E+05			
3.570E-03	1.507E+05			
3.575E-03	1.508E+05			
3.580E-03	1.510E+05			
3.585E-03	1.509E+05			
3.590E-03	1.513E+05			
3.595E-03	1.511E+05			
3.600E-03	1.512E+05			
3.605E-03	1.514E+05			
3.610E-03	1.513E+05			
3.615E-03	1.514E+05			
3.620E-03	1.515E+05			
3.625E-03	1.515E+05			
3.630E-03	1.517E+05			
3.635E-03	1.516E+05			
3.640E-03	1.518E+05			
3.645E-03	1.517E+05			
3.650E-03	1.519E+05			
3.655E-03	1.519E+05			
3.660E-03	1.519E+05			
3.665E-03	1.523E+05			
3.670E-03	1.520E+05			
3.675E-03	1.523E+05			
3.680E-03	1.521E+05			
3.685E-03	1.524E+05			
3.690E-03	1.523E+05			
3.695E-03	1.523E+05			
3.700E-03	1.525E+05			
3.705E-03	1.525E+05			
3.710E-03	1.526E+05			
3.715E-03	1.526E+05			
3.720E-03	1.528E+05			
3.725E-03	1.526E+05			
3.730E-03	1.529E+05			
3.735E-03	1.528E+05			
3.740E-03	1.529E+05			
3.745E-03	1.531E+05			
3.750E-03	1.531E+05			
3.755E-03	1.531E+05			
3.760E-03	1.532E+05			
3.765E-03	1.533E+05			
3.770E-03	1.531E+05			
3.775E-03	1.534E+05			
3.780E-03	1.533E+05			
3.785E-03	1.535E+05			
3.790E-03	1.535E+05			
3.795E-03	1.534E+05			
3.800E-03	1.537E+05			
3.805E-03	1.536E+05			
3.810E-03	1.538E+05			
3.815E-03	1.537E+05			
3.820E-03	1.539E+05			
3.825E-03	1.539E+05			
3.830E-03	1.539E+05			
3.835E-03	1.539E+05			
3.840E-03	1.541E+05			
3.845E-03	1.540E+05			
3.850E-03	1.541E+05			
3.855E-03	1.540E+05			
3.860E-03	1.544E+05			
3.865E-03	1.542E+05			
3.870E-03	1.544E+05			
3.875E-03	1.542E+05			
3.880E-03	1.546E+05			
3.885E-03	1.542E+05			
3.890E-03	1.547E+05			
3.895E-03	1.543E+05			
3.900E-03	1.549E+05			
3.905E-03	1.544E+05			
3.910E-03	1.548E+05			
3.915E-03	1.547E+05			
3.920E-03	1.548E+05			
3.925E-03	1.549E+05			
3.930E-03	1.548E+05			
3.935E-03	1.551E+05			
3.940E-03	1.549E+05			
3.945E-03	1.550E+05			
3.950E-03	1.550E+05			
3.955E-03	1.553E+05			
3.960E-03	1.550E+05			
3.965E-03	1.554E+05			
3.970E-03	1.551E+05			
3.975E-03	1.553E+05			
3.980E-03	1.554E+05			
3.985E-03	1.552E+05			
3.990E-03	1.556E+05			
3.995E-03	1.552E+05			
4.000E-03	1.557E+05			
4.005E-03	1.554E+05			
4.010E-03	1.556E+05			
4.015E-03	1.556E+05			
4.020E-03	1.557E+05			
4.025E-03	1.556E+05			
4.030E-03	1.558E+05			
4.035E-03	1.557E+05			
4.040E-03	1.558E+05			
4.045E-03	1.559E+05			
4.050E-03	1.559E+05			
4.055E-03	1.559E+05			
4.060E-03	1.560E+05			
4.065E-03	1.559E+05			
4.070E-03	1.561E+05			
4.075E-03	1.560E+05			
4.080E-03	1.562E+05			
4.085E-03	1.560E+05			
4.090E-03	1.564E+05			
4.095E-03	1.561E+05			
4.100E-03	1.564E+05			
4.105E-03	1.561E+05			
4.110E-03	1.565E+05			
4.115E-03	1.561E+05			
4.120E-03	1.566E+05			
4.125E-03	1.563E+05			
4.130E-03	1.567E+05			
4.135E-03	1.564E+05			
4.140E-03	1.565E+05			
4.145E-03	1.565E+05			
4.150E-03	1.566E+05			
4.155E-03	1.567E+05			
4.160E-03	1.567E+05			
4.165E-03	1.568E+05			
4.170E-03	1.567E+05			
4.175E-03	1.569E+05			
4.180E-03	1.566E+05			
4.185E-03	1.569E+05			
4.190E-03	1.567E+05			
4.195E-03	1.569E+05			
4.200E-03	1.569E+05			
4.205E-03	1.569E+05			
4.210E-03	1.571E+05			
4.215E-03	1.570E+05			
4.220E-03	1.569E+05			
4.225E-03	1.572E+05			
4.230E-03	1.570E+05			
4.235E-03	1.572E+05			
4.240E-03	1.572E+05			
4.245E-03	1.572E+05			
4.250E-03	1.573E+05			
4.255E-03	1.571E+05			
4.260E-03	1.572E+05			
4.265E-03	1.573E+05			
4.270E-03	1.573E+05			
4.275E-03	1.573E+05			
4.280E-03	1.574E+05			
4.285E-03	1.574E+05			
4.290E-03	1.574E+05			
4.295E-03	1.574E+05			
4.300E-03	1.575E+05			
4.305E-03	1.576E+05			
4.310E-03	1.574E+05			
4.315E-03	1.577E+05			
4.320E-03	1.575E+05			
4.325E-03	1.577E+05			
4.330E-03	1.576E+05			
4.335E-03	1.576E+05			
4.340E-03	1.576E+05			
4.345E-03	1.578E+05			
4.350E-03	1.577E+05			
4.355E-03	1.578E+05			
4.360E-03	1.577E+05			
4.365E-03	1.578E+05			
4.370E-03	1.578E+05			
4.375E-03	1.577E+05			
4.380E-03	1.579E+05			
4.385E-03	1.580E+05			
4.390E-03	1.577E+05			
4.395E-03	1.580E+05			
4.400E-03	1.579E+05			
4.405E-03	1.580E+05			
4.410E-03	1.579E+05			
4.415E-03	1.581E+05			
4.420E-03	1.580E+05			
4.425E-03	1.580E+05			
4.430E-03	1.580E+05			
4.435E-03	1.580E+05			
4.440E-03	1.582E+05			
4.445E-03	1.580E+05			
4.450E-03	1.581E+05			
4.455E-03	1.581E+05			
4.460E-03	1.582E+05			
4.465E-03	1.581E+05			
4.470E-03	1.582E+05			
4.475E-03	1.582E+05			
4.480E-03	1.582E+05			
4.485E-03	1.580E+05			
4.490E-03	1.583E+05			
4.495E-03	1.581E+05			
4.500E-03	1.583E+05			
4.505E-03	1.582E+05			
4.510E-03	1.583E+05			
4.515E-03	1.582E+05			
4.520E-03	1.583E+05			
4.525E-03	1.583E+05			
4.530E-03	1.582E+05			
4.535E-03	1.584E+05			
4.540E-03	1.582E+05			
4.545E-03	1.584E+05			
4.550E-03	1.581E+05			
4.555E-03	1.584E+05			
4.560E-03	1.583E+05			
4.565E-03	1.581E+05			
4.570E-03	1.584E+05			
4.575E-03	1.581E+05			
4.580E-03	1.583E+05			
4.585E-03	1.581E+05			
4.590E-03	1.582E+05			
4.595E-03	1.582E+05			
4.600E-03	1.581E+05			
4.605E-03	1.582E+05			
4.610E-03	1.582E+05			
4.615E-03	1.582E+05			
4.620E-03	1.584E+05			
4.625E-03	1.580E+05			
4.630E-03	1.582E+05			
4.635E-03	1.580E+05			
4.640E-03	1.580E+05			
4.645E-03	1.580E+05			
4.650E-03	1.581E+05			
4.655E-03	1.581E+05			
4.660E-03	1.579E+05			
4.665E-03	1.582E+05			
4.670E-03	1.579E+05			
4.675E-03	1.581E+05			
4.680E-03	1.580E+05			
4.685E-03	1.579E+05			
4.690E-03	1.582E+05			
4.695E-03	1.579E+05			
4.700E-03	1.582E+05			
4.705E-03	1.579E+05			
4.710E-03	1.582E+05			
4.715E-03	1.580E+05			
4.720E-03	1.581E+05			
4.725E-03	1.579E+05			
4.730E-03	1.582E+05			
4.735E-03	1.580E+05			
4.740E-03	1.580E+05			
4.745E-03	1.581E+05			
4.750E-03	1.580E+05			
4.755E-03	1.580E+05			
4.760E-03	1.580E+05			
4.765E-03	1.580E+05			
4.770E-03	1.579E+05			
4.775E-03	1.581E+05			
4.780E-03	1.579E+05			
4.785E-03	1.579E+05			
4.790E-03	1.580E+05			
4.795E-03	1.578E+05			
4.800E-03	1.580E+05			
4.805E-03	1.579E+05			
4.810E-03	1.581E+05			
4.815E-03	1.579E+05			
4.820E-03	1.580E+05			
4.825E-03	1.579E+05			
4.830E-03	1.579E+05			
4.835E-03	1.580E+05			
4.840E-03	1.579E+05			
4.845E-03	1.579E+05			
4.850E-03	1.580E+05			
4.855E-03	1.578E+05			
4.860E-03	1.580E+05			
4.865E-03	1.578E+05			
4.870E-03	1.580E+05			
4.875E-03	1.578E+05			
4.880E-03	1.579E+05			
4.885E-03	1.578E+05			
4.890E-03	1.578E+05			
4.895E-03	1.580E+05			
4.900E-03	1.577E+05			
4.905E-03	1.580E+05			
4.910E-03	1.577E+05			
4.915E-03	1.579E+05			
4.920E-03	1.576E+05			
4.925E-03	1.581E+05			
4.930E-03	1.575E+05			
4.935E-03	1.581E+05			
4.940E-03	1.576E+05			
4.945E-03	1.578E+05			
4.950E-03	1.579E+05			
4.955E-03	1.576E+05			
4.960E-03	1.578E+05			
4.965E-03	1.577E+05			
4.970E-03	1.577E+05			
4.975E-03	1.577E+05			
4.980E-03	1.577E+05			
4.985E-03	1.577E+05			
4.990E-03	1.576E+05			
4.995E-03	1.577E+05			
5.000E-03	1.576E+05			
5.005E-03	1.577E+05			
5.010E-03	1.576E+05			
5.015E-03	1.576E+05			
5.020E-03	1.577E+05			
5.025E-03	1.575E+05			
5.030E-03	1.577E+05			
5.035E-03	1.575E+05			
5.040E-03	1.575E+05			
5.045E-03	1.576E+05			
5.050E-03	1.574E+05			
5.055E-03	1.576E+05			
5.060E-03	1.574E+05			
5.065E-03	1.576E+05			
5.070E-03	1.574E+05			
5.075E-03	1.575E+05			
5.080E-03	1.575E+05			
5.085E-03	1.574E+05			
5.090E-03	1.574E+05			
5.095E-03	1.573E+05			
5.100E-03	1.574E+05			
5.105E-03	1.573E+05			
5.110E-03	1.574E+05			
5.115E-03	1.572E+05			
5.120E-03	1.574E+05			
5.125E-03	1.572E+05			
5.130E-03	1.574E+05			
5.135E-03	1.570E+05			
5.140E-03	1.574E+05			
5.145E-03	1.570E+05			
5.150E-03	1.574E+05			
5.155E-03	1.570E+05			
5.160E-03	1.572E+05			
5.165E-03	1.571E+05			
5.170E-03	1.571E+05			
5.175E-03	1.570E+05			
5.180E-03	1.572E+05			
5.185E-03	1.570E+05			
5.190E-03	1.572E+05			
5.195E-03	1.569E+05			
5.200E-03	1.571E+05			
5.205E-03	1.569E+05			
5.210E-03	1.569E+05			
5.215E-03	1.570E+05			
5.220E-03	1.569E+05			
5.225E-03	1.569E+05			
5.230E-03	1.569E+05			
5.235E-03	1.568E+05			
5.240E-03	1.569E+05			
5.245E-03	1.566E+05			
5.250E-03	1.568E+05			
5.255E-03	1.567E+05			
5.260E-03	1.567E+05			
5.265E-03	1.568E+05			
5.270E-03	1.567E+05			
5.275E-03	1.567E+05			
5.280E-03	1.565E+05			
5.285E-03	1.567E+05			
5.290E-03	1.565E+05			
5.295E-03	1.566E+05			
5.300E-03	1.565E+05			
5.305E-03	1.565E+05			
5.310E-03	1.565E+05			
5.315E-03	1.564E+05			
5.320E-03	1.566E+05			
5.325E-03	1.564E+05			
5.330E-03	1.563E+05			
5.335E-03	1.565E+05			
5.340E-03	1.562E+05			
5.345E-03	1.564E+05			
5.350E-03	1.561E+05			
5.355E-03	1.564E+05			
5.360E-03	1.561E+05			
5.365E-03	1.563E+05			
5.370E-03	1.561E+05			
5.375E-03	1.562E+05			
5.380E-03	1.562E+05			
5.385E-03	1.560E+05			
5.390E-03	1.561E+05			
5.395E-03	1.560E+05			
5.400E-03	1.559E+05			
5.405E-03	1.561E+05			
5.410E-03	1.559E+05			
5.415E-03	1.559E+05			
5.420E-03	1.560E+05			
5.425E-03	1.557E+05			
5.430E-03	1.559E+05			
5.435E-03	1.558E+05			
5.440E-03	1.557E+05			
5.445E-03	1.559E+05			
5.450E-03	1.556E+05			
5.455E-03	1.557E+05			
5.460E-03	1.557E+05			
5.465E-03	1.557E+05			
5.470E-03	1.554E+05			
5.475E-03	1.557E+05			
5.480E-03	1.554E+05			
5.485E-03	1.555E+05			
5.490E-03	1.555E+05			
5.495E-03	1.553E+05			
5.500E-03	1.556E+05			
5.505E-03	1.552E+05			
5.510E-03	1.555E+05			
5.515E-03	1.551E+05			
5.520E-03	1.554E+05			
5.525E-03	1.553E+05			
5.530E-03	1.552E+05			
5.535E-03	1.553E+05			
5.540E-03	1.550E+05			
5.545E-03	1.551E+05			
5.550E-03	1.550E+05			
5.555E-03	1.551E+05			
5.560E-03	1.550E+05			
5.565E-03	1.550E+05			
5.570E-03	1.550E+05			
5.575E-03	1.549E+05			
5.580E-03	1.548E+05			
5.585E-03	1.549E+05			
5.590E-03	1.547E+05			
5.595E-03	1.549E+05			
5.600E-03	1.546E+05			
5.605E-03	1.548E+05			
5.610E-03	1.545E+05			
5.615E-03	1.548E+05			
5.620E-03	1.545E+05			
5.625E-03	1.546E+05			
5.630E-03	1.545E+05			
5.635E-03	1.545E+05			
5.640E-03	1.544E+05			
5.645E-03	1.544E+05			
5.650E-03	1.543E+05			
5.655E-03	1.544E+05			
5.660E-03	1.542E+05			
5.665E-03	1.541E+05			
5.670E-03	1.544E+05			
5.675E-03	1.539E+05			
5.680E-03	1.544E+05			
5.685E-03	1.539E+05			
5.690E-03	1.542E+05			
5.695E-03	1.540E+05			
5.700E-03	1.539E+05			
5.705E-03	1.540E+05			
5.710E-03	1.539E+05			
5.715E-03	1.540E+05			
5.720E-03	1.538E+05			
5.725E-03	1.538E+05			
5.730E-03	1.538E+05			
5.735E-03	1.536E+05			
5.740E-03	1.538E+05			
5.745E-03	1.534E+05			
5.750E-03	1.538E+05			
5.755E-03	1.534E+05			
5.760E-03	1.537E+05			
5.765E-03	1.534E+05			
5.770E-03	1.535E+05			
5.775E-03	1.532E+05			
5.780E-03	1.535E+05			
5.785E-03	1.532E+05			
5.790E-03	1.534E+05			
5.795E-03	1.531E+05			
5.800E-03	1.531E+05			
5.805E-03	1.531E+05			
5.810E-03	1.530E+05			
5.815E-03	1.530E+05			
5.820E-03	1.529E+05			
5.825E-03	1.530E+05			
5.830E-03	1.528E+05			
5.835E-03	1.530E+05			
5.840E-03	1.528E+05			
5.845E-03	1.528E+05			
5.850E-03	1.526E+05			
5.855E-03	1.527E+05			
5.860E-03	1.526E+05			
5.865E-03	1.527E+05			
5.870E-03	1.525E+05			
5.875E-03	1.525E+05			
5.880E-03	1.525E+05			
5.885E-03	1.522E+05			
5.890E-03	1.525E+05			
5.895E-03	1.522E+05			
5.900E-03	1.523E+05			
5.905E-03	1.523E+05			
5.910E-03	1.522E+05			
5.915E-03	1.521E+05			
5.920E-03	1.521E+05			
5.925E-03	1.520E+05			
5.930E-03	1.520E+05			
5.935E-03	1.519E+05			
5.940E-03	1.520E+05			
5.945E-03	1.518E+05			
5.950E-03	1.518E+05			
5.955E-03	1.517E+05			
5.960E-03	1.517E+05			
5.965E-03	1.516E+05			
5.970E-03	1.516E+05			
5.975E-03	1.515E+05			
5.980E-03	1.516E+05			
5.985E-03	1.514E+05			
5.990E-03	1.515E+05			
5.995E-03	1.514E+05			
6.000E-03	1.512E+05			
6.005E-03	1.512E+05			
6.010E-03	1.510E+05			
6.015E-03	1.512E+05			
6.020E-03	1.511E+05			
6.025E-03	1.509E+05			
6.030E-03	1.511E+05			
6.035E-03	1.509E+05			
6.040E-03	1.510E+05			
6.045E-03	1.507E+05			
6.050E-03	1.508E+05			
6.055E-03	1.509E+05			
6.060E-03	1.506E+05			
6.065E-03	1.508E+05			
6.070E-03	1.504E+05			
6.075E-03	1.507E+05			
6.080E-03	1.504E+05			
6.085E-03	1.504E+05			
6.090E-03	1.504E+05			
6.095E-03	1.503E+05			
6.100E-03	1.503E+05			
6.105E-03	1.502E+05			
6.110E-03	1.502E+05			
6.115E-03	1.501E+05			
6.120E-03	1.502E+05			
6.125E-03	1.499E+05			
6.130E-03	1.501E+05			
6.135E-03	1.499E+05			
6.140E-03	1.499E+05			
6.145E-03	1.497E+05			
6.150E-03	1.498E+05			
6.155E-03	1.497E+05			
6.160E-03	1.496E+05			
6.165E-03	1.496E+05			
6.170E-03	1.494E+05			
6.175E-03	1.495E+05			
6.180E-03	1.494E+05			
6.185E-03	1.493E+05			
6.190E-03	1.494E+05			
6.195E-03	1.491E+05			
6.200E-03	1.493E+05			
6.205E-03	1.490E+05			
6.210E-03	1.492E+05			
6.215E-03	1.490E+05			
6.220E-03	1.490E+05			
6.225E-03	1.489E+05			
6.230E-03	1.489E+05			
6.235E-03	1.487E+05			
6.240E-03	1.489E+05			
6.245E-03	1.486E+05			
6.250E-03	1.486E+05			
6.255E-03	1.486E+05			
6.260E-03	1.483E+05			
6.265E-03	1.485E+05			
6.270E-03	1.483E+05			
6.275E-03	1.482E+05			
6.280E-03	1.483E+05			
6.285E-03	1.482E+05			
6.290E-03	1.481E+05			
6.295E-03	1.481E+05			
6.300E-03	1.479E+05			
6.305E-03	1.480E+05			
6.310E-03	1.478E+05			
6.315E-03	1.479E+05			
6.320E-03	1.477E+05			
6.325E-03	1.477E+05			
6.330E-03	1.477E+05			
6.335E-03	1.476E+05			
6.340E-03	1.475E+05			
6.345E-03	1.474E+05			
6.350E-03	1.474E+05			
6.355E-03	1.473E+05			
6.360E-03	1.473E+05			
6.365E-03	1.472E+05			
6.370E-03	1.472E+05			
6.375E-03	1.471E+05			
6.380E-03	1.471E+05			
6.385E-03	1.469E+05			
6.390E-03	1.470E+05			
6.395E-03	1.468E+05			
6.400E-03	1.468E+05			
6.405E-03	1.468E+05			
6.410E-03	1.466E+05			
6.415E-03	1.466E+05			
6.420E-03	1.464E+05			
6.425E-03	1.466E+05			
6.430E-03	1.463E+05			
6.435E-03	1.464E+05			
6.440E-03	1.464E+05			
6.445E-03	1.461E+05			
6.450E-03	1.464E+05			
6.455E-03	1.457E+05			
6.460E-03	1.462E+05			
6.465E-03	1.458E+05			
6.470E-03	1.460E+05			
6.475E-03	1.459E+05			
6.480E-03	1.457E+05			
6.485E-03	1.458E+05			
6.490E-03	1.456E+05			
6.495E-03	1.455E+05			
6.500E-03	1.456E+05			
6.505E-03	1.454E+05			
6.510E-03	1.453E+05			
6.515E-03	1.455E+05			
6.520E-03	1.452E+05			
6.525E-03	1.451E+05			
6.530E-03	1.453E+05			
6.535E-03	1.448E+05			
6.540E-03	1.452E+05			
6.545E-03	1.447E+05			
6.550E-03	1.449E+05			
6.555E-03	1.447E+05			
6.560E-03	1.448E+05			
6.565E-03	1.445E+05			
6.570E-03	1.447E+05			
6.575E-03	1.444E+05			
6.580E-03	1.445E+05			
6.585E-03	1.444E+05			
6.590E-03	1.444E+05			
6.595E-03	1.441E+05			
6.600E-03	1.443E+05			
6.605E-03	1.440E+05			
6.610E-03	1.440E+05			
6.615E-03	1.440E+05			
6.620E-03	1.439E+05			
6.625E-03	1.439E+05			
6.630E-03	1.438E+05			
6.635E-03	1.436E+05			
6.640E-03	1.437E+05			
6.645E-03	1.435E+05			
6.650E-03	1.436E+05			
6.655E-03	1.433E+05			
6.660E-03	1.435E+05			
6.665E-03	1.432E+05			
6.670E-03	1.433E+05			
6.675E-03	1.431E+05			
6.680E-03	1.430E+05			
6.685E-03	1.431E+05			
6.690E-03	1.428E+05			
6.695E-03	1.428E+05			
6.700E-03	1.429E+05			
6.705E-03	1.426E+05			
6.710E-03	1.428E+05			
6.715E-03	1.425E+05			
6.720E-03	1.425E+05			
6.725E-03	1.424E+05			
6.730E-03	1.423E+05			
6.735E-03	1.423E+05			
6.740E-03	1.423E+05			
6.745E-03	1.420E+05			
6.750E-03	1.421E+05			
6.755E-03	1.419E+05			
6.760E-03	1.420E+05			
6.765E-03	1.417E+05			
6.770E-03	1.419E+05			
6.775E-03	1.417E+05			
6.780E-03	1.418E+05			
6.785E-03	1.413E+05			
6.790E-03	1.415E+05			
6.795E-03	1.413E+05			
6.800E-03	1.414E+05			
6.805E-03	1.412E+05			
6.810E-03	1.413E+05			
6.815E-03	1.412E+05			
6.820E-03	1.410E+05			
6.825E-03	1.410E+05			
6.830E-03	1.408E+05			
6.835E-03	1.408E+05			
6.840E-03	1.407E+05			
6.845E-03	1.406E+05			
6.850E-03	1.406E+05			
6.855E-03	1.405E+05			
6.860E-03	1.403E+05			
6.865E-03	1.405E+05			
6.870E-03	1.402E+05			
6.875E-03	1.403E+05			
6.880E-03	1.401E+05			
6.885E-03	1.401E+05			
6.890E-03	1.400E+05			
6.895E-03	1.400E+05			
6.900E-03	1.397E+05			
6.905E-03	1.398E+05			
6.910E-03	1.396E+05			
6.915E-03	1.396E+05			
6.920E-03	1.395E+05			
6.925E-03	1.394E+05			
6.930E-03	1.394E+05			
6.935E-03	1.393E+05			
6.940E-03	1.392E+05			
6.945E-03	1.392E+05			
6.950E-03	1.389E+05			
6.955E-03	1.391E+05			
6.960E-03	1.388E+05			
6.965E-03	1.388E+05			
6.970E-03	1.389E+05			
6.975E-03	1.386E+05			
6.980E-03	1.388E+05			
6.985E-03	1.383E+05			
6.990E-03	1.387E+05			
6.995E-03	1.382E+05			
7.000E-03	1.383E+05			
7.005E-03	1.383E+05			
7.010E-03	1.381E+05			
7.015E-03	1.381E+05			
7.020E-03	1.380E+05			
7.025E-03	1.379E+05			
7.030E-03	1.377E+05			
7.035E-03	1.379E+05			
7.040E-03	1.376E+05			
7.045E-03	1.377E+05			
7.050E-03	1.374E+05			
7.055E-03	1.374E+05			
7.060E-03	1.373E+05			
7.065E-03	1.372E+05			
7.070E-03	1.372E+05			
7.075E-03	1.371E+05			
7.080E-03	1.371E+05			
7.085E-03	1.369E+05			
7.090E-03	1.368E+05			
7.095E-03	1.368E+05			
7.100E-03	1.367E+05			
7.105E-03	1.368E+05			
7.110E-03	1.364E+05			
7.115E-03	1.366E+05			
7.120E-03	1.363E+05			
7.125E-03	1.364E+05			
7.130E-03	1.362E+05			
7.135E-03	1.360E+05			
7.140E-03	1.362E+05			
7.145E-03	1.358E+05			
7.150E-03	1.361E+05			
7.155E-03	1.357E+05			
7.160E-03	1.360E+05			
7.165E-03	1.354E+05			
7.170E-03	1.358E+05			
7.175E-03	1.353E+05			
7.180E-03	1.355E+05			
7.185E-03	1.353E+05			
7.190E-03	1.353E+05			
7.195E-03	1.352E+05			
7.200E-03	1.351E+05			
7.205E-03	1.350E+05			
7.210E-03	1.348E+05			
7.215E-03	1.350E+05			
7.220E-03	1.346E+05			
7.225E-03	1.346E+05			
7.230E-03	1.346E+05			
7.235E-03	1.345E+05			
7.240E-03	1.344E+05			
7.245E-03	1.344E+05			
7.250E-03	1.342E+05			
7.255E-03	1.342E+05			
7.260E-03	1.341E+05			
7.265E-03	1.340E+05			
7.270E-03	1.340E+05			
7.275E-03	1.338E+05			
7.280E-03	1.339E+05			
7.285E-03	1.334E+05			
7.290E-03	1.338E+05			
7.295E-03	1.333E+05			
7.300E-03	1.335E+05			
7.305E-03	1.334E+05			
7.310E-03	1.332E+05			
7.315E-03	1.332E+05			
7.320E-03	1.330E+05			
7.325E-03	1.329E+05			
7.330E-03	1.329E+05			
7.335E-03	1.329E+05			
7.340E-03	1.326E+05			
7.345E-03	1.327E+05			
7.350E-03	1.327E+05			
7.355E-03	1.323E+05			
7.360E-03	1.325E+05			
7.365E-03	1.321E+05			
7.370E-03	1.323E+05			
7.375E-03	1.320E+05			
7.380E-03	1.322E+05			
7.385E-03	1.318E+05			
7.390E-03	1.320E+05			
7.395E-03	1.317E+05			
7.400E-03	1.316E+05			
7.405E-03	1.316E+05			
7.410E-03	1.315E+05			
7.415E-03	1.314E+05			
7.420E-03	1.314E+05			
7.425E-03	1.313E+05			
7.430E-03	1.311E+05			
7.435E-03	1.311E+05			
7.440E-03	1.310E+05			
7.445E-03	1.308E+05			
7.450E-03	1.309E+05			
7.455E-03	1.307E+05			
7.460E-03	1.306E+05			
7.465E-03	1.307E+05			
7.470E-03	1.303E+05			
7.475E-03	1.305E+05			
7.480E-03	1.302E+05			
7.485E-03	1.303E+05			
7.490E-03	1.300E+05			
7.495E-03	1.301E+05			
7.500E-03	1.300E+05			
7.505E-03	1.297E+05			
7.510E-03	1.299E+05			
7.515E-03	1.295E+05			
7.520E-03	1.296E+05			
7.525E-03	1.296E+05			
7.530E-03	1.294E+05			
7.535E-03	1.294E+05			
7.540E-03	1.293E+05			
7.545E-03	1.290E+05			
7.550E-03	1.291E+05			
7.555E-03	1.289E+05			
7.560E-03	1.290E+05			
7.565E-03	1.287E+05			
7.570E-03	1.288E+05			
7.575E-03	1.285E+05			
7.580E-03	1.286E+05			
7.585E-03	1.284E+05			
7.590E-03	1.282E+05			
7.595E-03	1.284E+05			
7.600E-03	1.280E+05			
7.605E-03	1.281E+05			
7.610E-03	1.279E+05			
7.615E-03	1.279E+05			
7.620E-03	1.277E+05			
7.625E-03	1.277E+05			
7.630E-03	1.275E+05			
7.635E-03	1.276E+05			
7.640E-03	1.275E+05			
7.645E-03	1.273E+05			
7.650E-03	1.274E+05			
7.655E-03	1.271E+05			
7.660E-03	1.270E+05			
7.665E-03	1.269E+05			
7.670E-03	1.269E+05			
7.675E-03	1.269E+05			
7.680E-03	1.265E+05			
7.685E-03	1.268E+05			
7.690E-03	1.264E+05			
7.695E-03	1.265E+05			
7.700E-03	1.262E+05			
7.705E-03	1.265E+05			
7.710E-03	1.258E+05			
7.715E-03	1.263E+05			
7.720E-03	1.259E+05			
7.725E-03	1.259E+05			
7.730E-03	1.259E+05			
7.735E-03	1.257E+05			
7.740E-03	1.256E+05			
7.745E-03	1.256E+05			
7.750E-03	1.254E+05			
7.755E-03	1.253E+05			
7.760E-03	1.253E+05			
7.765E-03	1.251E+05			
7.770E-03	1.251E+05			
7.775E-03	1.249E+05			
7.780E-03	1.248E+05			
7.785E-03	1.247E+05			
7.790E-03	1.247E+05			
7.795E-03	1.245E+05			
7.800E-03	1.245E+05			
7.805E-03	1.244E+05			
7.810E-03	1.243E+05			
7.815E-03	1.242E+05			
7.820E-03	1.239E+05			
7.825E-03	1.242E+05			
7.830E-03	1.237E+05			
7.835E-03	1.241E+05			
7.840E-03	1.235E+05			
7.845E-03	1.239E+05			
7.850E-03	1.234E+05			
7.855E-03	1.235E+05			
7.860E-03	1.233E+05			
7.865E-03	1.232E+05			
7.870E-03	1.233E+05			
7.875E-03	1.230E+05			
7.880E-03	1.230E+05			
7.885E-03	1.228E+05			
7.890E-03	1.227E+05			
7.895E-03	1.227E+05			
7.900E-03	1.226E+05			
7.905E-03	1.224E+05			
7.910E-03	1.224E+05			
7.915E-03	1.223E+05			
7.920E-03	1.222E+05			
7.925E-03	1.220E+05			
7.930E-03	1.220E+05			
7.935E-03	1.219E+05			
7.940E-03	1.218E+05			
7.945E-03	1.218E+05			
7.950E-03	1.215E+05			
7.955E-03	1.217E+05			
7.960E-03	1.214E+05			
7.965E-03	1.213E+05			
7.970E-03	1.211E+05			
7.975E-03	1.212E+05			
7.980E-03	1.208E+05			
7.985E-03	1.213E+05			
7.990E-03	1.205E+05			
7.995E-03	1.210E+05			
8.000E-03	1.204E+05			
8.005E-03	1.207E+05			
8.010E-03	1.204E+05			
8.015E-03	1.204E+05			
8.020E-03	1.202E+05			
8.025E-03	1.204E+05			
8.030E-03	1.199E+05			
8.035E-03	1.201E+05			
8.040E-03	1.198E+05			
8.045E-03	1.198E+05			
8.050E-03	1.196E+05			
8.055E-03	1.195E+05			
8.060E-03	1.196E+05			
8.065E-03	1.192E+05			
8.070E-03	1.195E+05			
8.075E-03	1.190E+05			
8.080E-03	1.192E+05			
8.085E-03	1.189E+05			
8.090E-03	1.190E+05			
8.095E-03	1.187E+05			
8.100E-03	1.189E+05			
8.105E-03	1.184E+05			
8.110E-03	1.186E+05			
8.115E-03	1.182E+05			
8.120E-03	1.184E+05			
8.125E-03	1.181E+05			
8.130E-03	1.181E+05			
8.135E-03	1.181E+05			
8.140E-03	1.178E+05			
8.145E-03	1.178E+05			
8.150E-03	1.177E+05			
8.155E-03	1.177E+05			
8.160E-03	1.175E+05			
8.165E-03	1.174E+05			
8.170E-03	1.173E+05			
8.175E-03	1.172E+05			
8.180E-03	1.172E+05			
8.185E-03	1.169E+05			
8.190E-03	1.170E+05			
8.195E-03	1.169E+05			
8.200E-03	1.166E+05			
8.205E-03	1.167E+05			
8.210E-03	1.166E+05			
8.215E-03	1.165E+05			
8.220E-03	1.163E+05			
8.225E-03	1.162E+05			
8.230E-03	1.160E+05			
8.235E-03	1.160E+05			
8.240E-03	1.159E+05			
8.245E-03	1.157E+05			
8.250E-03	1.158E+05			
8.255E-03	1.157E+05			
8.260E-03	1.154E+05			
8.265E-03	1.155E+05			
8.270E-03	1.154E+05			
8.275E-03	1.153E+05			
8.280E-03	1.149E+05			
8.285E-03	1.153E+05			
8.290E-03	1.147E+05			
8.295E-03	1.151E+05			
8.300E-03	1.146E+05			
8.305E-03	1.146E+05			
8.310E-03	1.144E+05			
8.315E-03	1.144E+05			
8.320E-03	1.143E+05			
8.325E-03	1.143E+05			
8.330E-03	1.141E+05			
8.335E-03	1.141E+05			
8.340E-03	1.139E+05			
8.345E-03	1.137E+05			
8.350E-03	1.139E+05			
8.355E-03	1.135E+05			
8.360E-03	1.137E+05			
8.365E-03	1.133E+05			
8.370E-03	1.134E+05			
8.375E-03	1.133E+05			
8.380E-03	1.129E+05			
8.385E-03	1.132E+05			
8.390E-03	1.127E+05			
8.395E-03	1.129E+05			
8.400E-03	1.127E+05			
8.405E-03	1.125E+05			
8.410E-03	1.127E+05			
8.415E-03	1.123E+05			
8.420E-03	1.123E+05			
8.425E-03	1.121E+05			
8.430E-03	1.120E+05			
8.435E-03	1.121E+05			
8.440E-03	1.118E+05			
8.445E-03	1.120E+05			
8.450E-03	1.116E+05			
8.455E-03	1.116E+05			
8.460E-03	1.114E+05			
8.465E-03	1.114E+05			
8.470E-03	1.112E+05			
8.475E-03	1.112E+05			
8.480E-03	1.110E+05			
8.485E-03	1.110E+05			
8.490E-03	1.109E+05			
8.495E-03	1.107E+05			
8.500E-03	1.107E+05			
8.505E-03	1.106E+05			
8.510E-03	1.104E+05			
8.515E-03	1.104E+05			
8.520E-03	1.102E+05			
8.525E-03	1.103E+05			
8.530E-03	1.099E+05			
8.535E-03	1.099E+05			
8.540E-03	1.098E+05			
8.545E-03	1.098E+05			
8.550E-03	1.096E+05			
8.555E-03	1.096E+05			
8.560E-03	1.095E+05			
8.565E-03	1.093E+05			
8.570E-03	1.092E+05			
8.575E-03	1.091E+05			
8.580E-03	1.089E+05			
8.585E-03	1.090E+05			
8.590E-03	1.087E+05			
8.595E-03	1.087E+05			
8.600E-03	1.085E+05			
8.605E-03	1.085E+05			
8.610E-03	1.084E+05			
8.615E-03	1.082E+05			
8.620E-03	1.084E+05			
8.625E-03	1.078E+05			
8.630E-03	1.082E+05			
8.635E-03	1.076E+05			
8.640E-03	1.078E+05			
8.645E-03	1.077E+05			
8.650E-03	1.074E+05			
8.655E-03	1.075E+05			
8.660E-03	1.073E+05			
8.665E-03	1.072E+05			
8.670E-03	1.072E+05			
8.675E-03	1.070E+05			
8.680E-03	1.068E+05			
8.685E-03	1.069E+05			
8.690E-03	1.066E+05			
8.695E-03	1.067E+05			
8.700E-03	1.064E+05			
8.705E-03	1.065E+05			
8.710E-03	1.062E+05			
8.715E-03	1.063E+05			
8.720E-03	1.060E+05			
8.725E-03	1.059E+05			
8.730E-03	1.059E+05			
8.735E-03	1.057E+05			
8.740E-03	1.058E+05			
8.745E-03	1.054E+05			
8.750E-03	1.056E+05			
8.755E-03	1.053E+05			
8.760E-03	1.053E+05			
8.765E-03	1.050E+05			
8.770E-03	1.051E+05			
8.775E-03	1.049E+05			
8.780E-03	1.048E+05			
8.785E-03	1.047E+05			
8.790E-03	1.046E+05			
8.795E-03	1.045E+05			
8.800E-03	1.044E+05			
8.805E-03	1.041E+05			
8.810E-03	1.043E+05			
8.815E-03	1.040E+05			
8.820E-03	1.040E+05			
8.825E-03	1.040E+05			
8.830E-03	1.036E+05			
8.835E-03	1.037E+05			
8.840E-03	1.035E+05			
8.845E-03	1.034E+05			
8.850E-03	1.034E+05			
8.855E-03	1.032E+05			
8.860E-03	1.031E+05			
8.865E-03	1.030E+05			
8.870E-03	1.028E+05			
8.875E-03	1.030E+05			
8.880E-03	1.023E+05			
8.885E-03	1.027E+05			
8.890E-03	1.025E+05			
8.895E-03	1.024E+05			
8.900E-03	1.023E+05			
8.905E-03	1.021E+05			
8.910E-03	1.022E+05			
8.915E-03	1.018E+05			
8.920E-03	1.019E+05			
8.925E-03	1.016E+05			
8.930E-03	1.018E+05			
8.935E-03	1.013E+05			
8.940E-03	1.015E+05			
8.945E-03	1.012E+05			
8.950E-03	1.013E+05			
8.955E-03	1.010E+05			
8.960E-03	1.010E+05			
8.965E-03	1.008E+05			
8.970E-03	1.009E+05			
8.975E-03	1.004E+05			
8.980E-03	1.008E+05			
8.985E-03	1.002E+05			
8.990E-03	1.005E+05			
8.995E-03	1.000E+05			
9.000E-03	1.002E+05			
9.005E-03	1.001E+05			
9.010E-03	9.980E+04			
9.015E-03	9.990E+04			
9.020E-03	9.965E+04			
9.025E-03	9.962E+04			
9.030E-03	9.926E+04			
9.035E-03	9.950E+04			
9.040E-03	9.916E+04			
9.045E-03	9.916E+04			
9.050E-03	9.902E+04			
9.055E-03	9.888E+04			
9.060E-03	9.879E+04			
9.065E-03	9.869E+04			
9.070E-03	9.861E+04			
9.075E-03	9.848E+04			
9.080E-03	9.846E+04			
9.085E-03	9.826E+04			
9.090E-03	9.820E+04			
9.095E-03	9.799E+04			
9.100E-03	9.806E+04			
9.105E-03	9.781E+04			
9.110E-03	9.765E+04			
9.115E-03	9.780E+04			
9.120E-03	9.734E+04			
9.125E-03	9.761E+04			
9.130E-03	9.717E+04			
9.135E-03	9.734E+04			
9.140E-03	9.697E+04			
9.145E-03	9.707E+04			
9.150E-03	9.672E+04			
9.155E-03	9.692E+04			
9.160E-03	9.662E+04			
9.165E-03	9.655E+04			
9.170E-03	9.654E+04			
9.175E-03	9.625E+04			
9.180E-03	9.622E+04			
9.185E-03	9.613E+04			
9.190E-03	9.598E+04			
9.195E-03	9.592E+04			
9.200E-03	9.571E+04			
9.205E-03	9.575E+04			
9.210E-03	9.558E+04			
9.215E-03	9.554E+04			
9.220E-03	9.519E+04			
9.225E-03	9.537E+04			
9.230E-03	9.500E+04			
9.235E-03	9.517E+04			
9.240E-03	9.477E+04			
9.245E-03	9.492E+04			
9.250E-03	9.465E+04			
9.255E-03	9.457E+04			
9.260E-03	9.450E+04			
9.265E-03	9.436E+04			
9.270E-03	9.436E+04			
9.275E-03	9.413E+04			
9.280E-03	9.407E+04			
9.285E-03	9.394E+04			
9.290E-03	9.389E+04			
9.295E-03	9.352E+04			
9.300E-03	9.372E+04			
9.305E-03	9.345E+04			
9.310E-03	9.333E+04			
9.315E-03	9.342E+04			
9.320E-03	9.306E+04			
9.325E-03	9.303E+04			
9.330E-03	9.306E+04			
9.335E-03	9.265E+04			
9.340E-03	9.277E+04			
9.345E-03	9.261E+04			
9.350E-03	9.254E+04			
9.355E-03	9.245E+04			
9.360E-03	9.232E+04			
9.365E-03	9.203E+04			
9.370E-03	9.227E+04			
9.375E-03	9.165E+04			
9.380E-03	9.207E+04			
9.385E-03	9.160E+04			
9.390E-03	9.177E+04			
9.395E-03	9.143E+04			
9.400E-03	9.140E+04			
9.405E-03	9.129E+04			
9.410E-03	9.122E+04			
9.415E-03	9.101E+04			
9.420E-03	9.101E+04			
9.425E-03	9.086E+04			
9.430E-03	9.069E+04			
9.435E-03	9.066E+04			
9.440E-03	9.048E+04			
9.445E-03	9.052E+04			
9.450E-03	9.028E+04			
9.455E-03	9.021E+04			
9.460E-03	9.011E+04			
9.465E-03	9.000E+04			
9.470E-03	8.984E+04			
9.475E-03	8.990E+04			
9.480E-03	8.947E+04			
9.485E-03	8.960E+04			
9.490E-03	8.955E+04			
9.495E-03	8.910E+04			
9.500E-03	8.944E+04			
9.505E-03	8.901E+04			
9.510E-03	8.904E+04			
9.515E-03	8.885E+04			
9.520E-03	8.885E+04			
9.525E-03	8.871E+04			
9.530E-03	8.845E+04			
9.535E-03	8.868E+04			
9.540E-03	8.817E+04			
9.545E-03	8.832E+04			
9.550E-03	8.808E+04			
9.555E-03	8.788E+04			
9.560E-03	8.813E+04			
9.565E-03	8.753E+04			
9.570E-03	8.788E+04			
9.575E-03	8.748E+04			
9.580E-03	8.752E+04			
9.585E-03	8.728E+04			
9.590E-03	8.732E+04			
9.595E-03	8.701E+04			
9.600E-03	8.716E+04			
9.605E-03	8.667E+04			
9.610E-03	8.709E+04			
9.615E-03	8.659E+04			
9.620E-03	8.666E+04			
9.625E-03	8.636E+04			
9.630E-03	8.626E+04			
9.635E-03	8.635E+04			
9.640E-03	8.598E+04			
9.645E-03	8.614E+04			
9.650E-03	8.589E+04			
9.655E-03	8.584E+04			
9.660E-03	8.578E+04			
9.665E-03	8.547E+04			
9.670E-03	8.557E+04			
9.675E-03	8.530E+04			
9.680E-03	8.543E+04			
9.685E-03	8.498E+04			
9.690E-03	8.516E+04			
9.695E-03	8.493E+04			
9.700E-03	8.477E+04			
9.705E-03	8.478E+04			
9.710E-03	8.446E+04			
9.715E-03	8.460E+04			
9.720E-03	8.441E+04			
9.725E-03	8.423E+04			
9.730E-03	8.433E+04			
9.735E-03	8.389E+04			
9.740E-03	8.412E+04			
9.745E-03	8.368E+04			
9.750E-03	8.369E+04			
9.755E-03	8.365E+04			
9.760E-03	8.358E+04			
9.765E-03	8.325E+04			
9.770E-03	8.348E+04			
9.775E-03	8.294E+04			
9.780E-03	8.324E+04			
9.785E-03	8.273E+04			
9.790E-03	8.289E+04			
9.795E-03	8.274E+04			
9.800E-03	8.253E+04			
9.805E-03	8.273E+04			
9.810E-03	8.223E+04			
9.815E-03	8.239E+04			
9.820E-03	8.227E+04			
9.825E-03	8.183E+04			
9.830E-03	8.212E+04			
9.835E-03	8.185E+04			
9.840E-03	8.167E+04			
9.845E-03	8.178E+04			
9.850E-03	8.131E+04			
9.855E-03	8.156E+04			
9.860E-03	8.126E+04			
9.865E-03	8.114E+04			
9.870E-03	8.112E+04			
9.875E-03	8.110E+04			
9.880E-03	8.078E+04			
9.885E-03	8.082E+04			
9.890E-03	8.058E+04			
9.895E-03	8.061E+04			
9.900E-03	8.035E+04			
9.905E-03	8.035E+04			
9.910E-03	8.014E+04			
9.915E-03	8.010E+04			
9.920E-03	7.999E+04			
9.925E-03	7.981E+04			
9.930E-03	7.976E+04			
9.935E-03	7.965E+04			
9.940E-03	7.954E+04			
9.945E-03	7.944E+04			
9.950E-03	7.923E+04			
9.955E-03	7.932E+04			
9.960E-03	7.910E+04			
9.965E-03	7.899E+04			
9.970E-03	7.873E+04			
9.975E-03	7.894E+04			
9.980E-03	7.849E+04			
9.985E-03	7.870E+04			
9.990E-03	7.828E+04			
9.995E-03	7.853E+04			
1.000E-02	7.801E+04			
1.001E-02	7.827E+04			
1.001E-02	7.787E+04			
1.002E-02	7.803E+04			
1.002E-02	7.771E+04			
1.003E-02	7.768E+04			
1.003E-02	7.748E+04			
1.004E-02	7.758E+04			
1.004E-02	7.723E+04			
1.004E-02	7.723E+04			
1.005E-02	7.702E+04			
1.006E-02	7.704E+04			
1.006E-02	7.688E+04			
1.007E-02	7.667E+04			
1.007E-02	7.692E+04			
1.008E-02	7.647E+04			
1.008E-02	7.666E+04			
1.009E-02	7.617E+04			
1.009E-02	7.629E+04			
1.009E-02	7.609E+04			
1.010E-02	7.606E+04			
1.011E-02	7.586E+04			
1.011E-02	7.597E+04			
1.012E-02	7.553E+04			
1.012E-02	7.564E+04			
1.013E-02	7.543E+04			
1.013E-02	7.531E+04			
1.014E-02	7.537E+04			
1.014E-02	7.504E+04			
1.015E-02	7.509E+04			
1.015E-02	7.487E+04			
1.016E-02	7.491E+04			
1.016E-02	7.469E+04			
1.017E-02	7.458E+04			
1.017E-02	7.448E+04			
1.018E-02	7.449E+04			
1.018E-02	7.421E+04			
1.018E-02	7.419E+04			
1.019E-02	7.402E+04			
1.020E-02	7.395E+04			
1.020E-02	7.377E+04			
1.021E-02	7.375E+04			
1.021E-02	7.354E+04			
1.022E-02	7.362E+04			
1.022E-02	7.338E+04			
1.023E-02	7.335E+04			
1.023E-02	7.304E+04			
1.023E-02	7.312E+04			
1.024E-02	7.288E+04			
1.025E-02	7.285E+04			
1.025E-02	7.271E+04			
1.026E-02	7.276E+04			
1.026E-02	7.236E+04			
1.027E-02	7.257E+04			
1.027E-02	7.231E+04			
1.028E-02	7.216E+04			
1.028E-02	7.221E+04			
1.028E-02	7.185E+04			
1.029E-02	7.198E+04			
1.030E-02	7.176E+04			
1.030E-02	7.161E+04			
1.031E-02	7.161E+04			
1.031E-02	7.134E+04			
1.032E-02	7.130E+04			
1.032E-02	7.122E+04			
1.032E-02	7.105E+04			
1.033E-02	7.110E+04			
1.034E-02	7.074E+04			
1.034E-02	7.082E+04			
1.035E-02	7.068E+04			
1.035E-02	7.057E+04			
1.036E-02	7.050E+04			
1.036E-02	7.023E+04			
1.037E-02	7.044E+04			
1.037E-02	7.003E+04			
1.037E-02	7.012E+04			
1.038E-02	6.987E+04			
1.039E-02	6.977E+04			
1.039E-02	6.978E+04			
1.040E-02	6.941E+04			
1.040E-02	6.955E+04			
1.041E-02	6.926E+04			
1.041E-02	6.949E+04			
1.042E-02	6.910E+04			
1.042E-02	6.903E+04			
1.042E-02	6.898E+04			
1.043E-02	6.880E+04			
1.044E-02	6.867E+04			
1.044E-02	6.868E+04			
1.045E-02	6.839E+04			
1.045E-02	6.847E+04			
1.046E-02	6.823E+04			
1.046E-02	6.810E+04			
1.046E-02	6.807E+04			
1.047E-02	6.795E+04			
1.048E-02	6.800E+04			
1.048E-02	6.753E+04			
1.049E-02	6.779E+04			
1.049E-02	6.737E+04			
1.050E-02	6.750E+04			
1.050E-02	6.717E+04			
1.051E-02	6.734E+04			
1.051E-02	6.686E+04			
1.051E-02	6.714E+04			
1.052E-02	6.668E+04			
1.053E-02	6.689E+04			
1.053E-02	6.672E+04			
1.054E-02	6.640E+04			
1.054E-02	6.652E+04			
1.055E-02	6.619E+04			
1.055E-02	6.631E+04			
1.056E-02	6.599E+04			
1.056E-02	6.613E+04			
1.056E-02	6.595E+04			
1.057E-02	6.579E+04			
1.058E-02	6.560E+04			
1.058E-02	6.558E+04			
1.059E-02	6.552E+04			
1.059E-02	6.537E+04			
1.060E-02	6.518E+04			
1.060E-02	6.516E+04			
1.061E-02	6.499E+04			
1.061E-02	6.493E+04			
1.062E-02	6.474E+04			
1.062E-02	6.470E+04			
1.063E-02	6.461E+04			
1.063E-02	6.449E+04			
1.064E-02	6.431E+04			
1.064E-02	6.443E+04			
1.065E-02	6.405E+04			
1.065E-02	6.413E+04			
1.065E-02	6.388E+04			
1.066E-02	6.383E+04			
1.067E-02	6.372E+04			
1.067E-02	6.372E+04			
1.068E-02	6.337E+04			
1.068E-02	6.371E+04			
1.069E-02	6.314E+04			
1.069E-02	6.327E+04			
1.070E-02	6.302E+04			
1.070E-02	6.296E+04			
1.070E-02	6.300E+04			
1.071E-02	6.264E+04			
1.072E-02	6.288E+04			
1.072E-02	6.235E+04			
1.073E-02	6.256E+04			
1.073E-02	6.227E+04			
1.074E-02	6.225E+04			
1.074E-02	6.220E+04			
1.075E-02	6.190E+04			
1.075E-02	6.213E+04			
1.076E-02	6.170E+04			
1.076E-02	6.181E+04			
1.077E-02	6.158E+04			
1.077E-02	6.146E+04			
1.078E-02	6.139E+04			
1.078E-02	6.132E+04			
1.079E-02	6.120E+04			
1.079E-02	6.103E+04			
1.079E-02	6.097E+04			
1.080E-02	6.072E+04			
1.081E-02	6.091E+04			
1.081E-02	6.048E+04			
1.082E-02	6.064E+04			
1.082E-02	6.027E+04			
1.083E-02	6.052E+04			
1.083E-02	6.001E+04			
1.084E-02	6.024E+04			
1.084E-02	5.990E+04			
1.084E-02	5.992E+04			
1.085E-02	5.969E+04			
1.086E-02	5.967E+04			
1.086E-02	5.957E+04			
1.087E-02	5.956E+04			
1.087E-02	5.925E+04			
1.088E-02	5.937E+04			
1.088E-02	5.910E+04			
1.089E-02	5.895E+04			
1.089E-02	5.897E+04			
1.089E-02	5.872E+04			
1.090E-02	5.899E+04			
1.091E-02	5.840E+04			
1.091E-02	5.873E+04			
1.092E-02	5.824E+04			
1.092E-02	5.846E+04			
1.093E-02	5.808E+04			
1.093E-02	5.805E+04			
1.093E-02	5.804E+04			
1.094E-02	5.790E+04			
1.095E-02	5.774E+04			
1.095E-02	5.761E+04			
1.096E-02	5.767E+04			
1.096E-02	5.739E+04			
1.097E-02	5.735E+04			
1.097E-02	5.719E+04			
1.098E-02	5.725E+04			
1.098E-02	5.700E+04			
1.098E-02	5.700E+04			
1.099E-02	5.670E+04			
1.100E-02	5.675E+04			
1.100E-02	5.650E+04			
1.101E-02	5.656E+04			
1.101E-02	5.628E+04			
1.102E-02	5.649E+04			
1.102E-02	5.615E+04			
1.103E-02	5.606E+04			
1.103E-02	5.597E+04			
1.103E-02	5.588E+04			
1.104E-02	5.572E+04			
1.105E-02	5.568E+04			
1.105E-02	5.558E+04			
1.106E-02	5.549E+04			
1.106E-02	5.530E+04			
1.107E-02	5.527E+04			
1.107E-02	5.518E+04			
1.107E-02	5.487E+04			
1.108E-02	5.517E+04			
1.109E-02	5.463E+04			
1.109E-02	5.488E+04			
1.110E-02	5.453E+04			
1.110E-02	5.454E+04			
1.111E-02	5.440E+04			
1.111E-02	5.422E+04			
1.112E-02	5.422E+04			
1.112E-02	5.406E+04			
1.112E-02	5.393E+04			
1.113E-02	5.398E+04			
1.114E-02	5.372E+04			
1.114E-02	5.376E+04			
1.115E-02	5.343E+04			
1.115E-02	5.342E+04			
1.116E-02	5.345E+04			
1.116E-02	5.316E+04			
1.117E-02	5.316E+04			
1.117E-02	5.310E+04			
1.117E-02	5.291E+04			
1.118E-02	5.292E+04			
1.119E-02	5.262E+04			
1.119E-02	5.265E+04			
1.120E-02	5.256E+04			
1.120E-02	5.236E+04			
1.121E-02	5.234E+04			
1.121E-02	5.226E+04			
1.122E-02	5.217E+04			
1.122E-02	5.196E+04			
1.123E-02	5.204E+04			
1.123E-02	5.171E+04			
1.124E-02	5.186E+04			
1.124E-02	5.151E+04			
1.125E-02	5.164E+04			
1.125E-02	5.133E+04			
1.126E-02	5.128E+04			
1.126E-02	5.117E+04			
1.126E-02	5.099E+04			
1.127E-02	5.098E+04			
1.128E-02	5.090E+04			
1.128E-02	5.080E+04			
1.129E-02	5.058E+04			
1.129E-02	5.072E+04			
1.130E-02	5.029E+04			
1.130E-02	5.045E+04			
1.131E-02	5.020E+04			
1.131E-02	5.012E+04			
1.131E-02	5.009E+04			
1.132E-02	5.003E+04			
1.133E-02	4.971E+04			
1.133E-02	4.990E+04			
1.134E-02	4.950E+04			
1.134E-02	4.961E+04			
1.135E-02	4.943E+04			
1.135E-02	4.930E+04			
1.136E-02	4.932E+04			
1.136E-02	4.905E+04			
1.137E-02	4.912E+04			
1.137E-02	4.884E+04			
1.138E-02	4.889E+04			
1.138E-02	4.867E+04			
1.139E-02	4.868E+04			
1.139E-02	4.863E+04			
1.140E-02	4.833E+04			
1.140E-02	4.846E+04			
1.140E-02	4.799E+04			
1.141E-02	4.831E+04			
1.142E-02	4.780E+04			
1.142E-02	4.811E+04			
1.143E-02	4.763E+04			
1.143E-02	4.782E+04			
1.144E-02	4.761E+04			
1.144E-02	4.754E+04			
1.145E-02	4.735E+04			
1.145E-02	4.733E+04			
1.145E-02	4.715E+04			
1.146E-02	4.701E+04			
1.147E-02	4.702E+04			
1.147E-02	4.695E+04			
1.148E-02	4.684E+04			
1.148E-02	4.659E+04			
1.149E-02	4.668E+04			
1.149E-02	4.636E+04			
1.150E-02	4.648E+04			
1.150E-02	4.616E+04			
1.150E-02	4.626E+04			
1.151E-02	4.618E+04			
1.152E-02	4.585E+04			
1.152E-02	4.597E+04			
1.153E-02	4.573E+04			
1.153E-02	4.569E+04			
1.154E-02	4.573E+04			
1.154E-02	4.525E+04			
1.154E-02	4.544E+04			
1.155E-02	4.531E+04			
1.156E-02	4.508E+04			
1.156E-02	4.505E+04			
1.157E-02	4.494E+04			
1.157E-02	4.482E+04			
1.158E-02	4.472E+04			
1.158E-02	4.475E+04			
1.159E-02	4.450E+04			
1.159E-02	4.457E+04			
1.159E-02	4.430E+04			
1.160E-02	4.420E+04			
1.161E-02	4.419E+04			
1.161E-02	4.400E+04			
1.162E-02	4.393E+04			
1.162E-02	4.394E+04			
1.163E-02	4.372E+04			
1.163E-02	4.370E+04			
1.164E-02	4.356E+04			
1.164E-02	4.342E+04			
1.164E-02	4.338E+04			
1.165E-02	4.336E+04			
1.166E-02	4.313E+04			
1.166E-02	4.307E+04			
1.167E-02	4.306E+04			
1.167E-02	4.278E+04			
1.168E-02	4.289E+04			
1.168E-02	4.250E+04			
1.168E-02	4.277E+04			
1.169E-02	4.220E+04			
1.170E-02	4.269E+04			
1.170E-02	4.202E+04			
1.171E-02	4.238E+04			
1.171E-02	4.200E+04			
1.172E-02	4.191E+04			
1.172E-02	4.188E+04			
1.173E-02	4.180E+04			
1.173E-02	4.178E+04			
1.173E-02	4.157E+04			
1.174E-02	4.142E+04			
1.175E-02	4.159E+04			
1.175E-02	4.104E+04			
1.176E-02	4.137E+04			
1.176E-02	4.101E+04			
1.177E-02	4.100E+04			
1.177E-02	4.098E+04			
1.178E-02	4.071E+04			
1.178E-02	4.081E+04			
1.178E-02	4.061E+04			
1.179E-02	4.048E+04			
1.180E-02	4.043E+04			
1.180E-02	4.025E+04			
1.181E-02	4.030E+04			
1.181E-02	4.004E+04			
1.182E-02	4.012E+04			
1.182E-02	3.990E+04			
1.183E-02	3.989E+04			
1.183E-02	3.965E+04			
1.184E-02	3.970E+04			
1.184E-02	3.948E+04			
1.185E-02	3.945E+04			
1.185E-02	3.932E+04			
1.186E-02	3.925E+04			
1.186E-02	3.915E+04			
1.187E-02	3.906E+04			
1.187E-02	3.893E+04			
1.187E-02	3.891E+04			
1.188E-02	3.871E+04			
1.189E-02	3.881E+04			
1.189E-02	3.850E+04			
1.190E-02	3.858E+04			
1.190E-02	3.836E+04			
1.191E-02	3.820E+04			
1.191E-02	3.829E+04			
1.192E-02	3.795E+04			
1.192E-02	3.814E+04			
1.192E-02	3.791E+04			
1.193E-02	3.786E+04			
1.194E-02	3.765E+04			
1.194E-02	3.764E+04			
1.195E-02	3.739E+04			
1.195E-02	3.750E+04			
1.196E-02	3.728E+04			
1.196E-02	3.722E+04			
1.197E-02	3.716E+04			
1.197E-02	3.705E+04			
1.198E-02	3.689E+04			
1.198E-02	3.686E+04			
1.199E-02	3.677E+04			
1.199E-02	3.662E+04			
1.200E-02	3.668E+04			
1.200E-02	3.636E+04			
1.201E-02	3.645E+04			
1.201E-02	3.623E+04			
1.201E-02	3.613E+04			
1.202E-02	3.617E+04			
1.203E-02	3.595E+04			
1.203E-02	3.588E+04			
1.204E-02	3.591E+04			
1.204E-02	3.565E+04			
1.205E-02	3.584E+04			
1.205E-02	3.534E+04			
1.206E-02	3.548E+04			
1.206E-02	3.534E+04			
1.206E-02	3.507E+04			
1.207E-02	3.522E+04			
1.208E-02	3.512E+04			
1.208E-02	3.488E+04			
1.209E-02	3.493E+04			
1.209E-02	3.470E+04			
1.210E-02	3.464E+04			
1.210E-02	3.460E+04			
1.211E-02	3.446E+04			
1.211E-02	3.443E+04			
1.211E-02	3.435E+04			
1.212E-02	3.419E+04			
1.213E-02	3.405E+04			
1.213E-02	3.413E+04			
1.214E-02	3.385E+04			
1.214E-02	3.384E+04			
1.215E-02	3.378E+04			
1.215E-02	3.356E+04			
1.215E-02	3.369E+04			
1.216E-02	3.335E+04			
1.217E-02	3.348E+04			
1.217E-02	3.308E+04			
1.218E-02	3.328E+04			
1.218E-02	3.306E+04			
1.219E-02	3.294E+04			
1.219E-02	3.304E+04			
1.220E-02	3.276E+04			
1.220E-02	3.275E+04			
1.220E-02	3.247E+04			
1.221E-02	3.264E+04			
1.222E-02	3.226E+04			
1.222E-02	3.251E+04			
1.223E-02	3.217E+04			
1.223E-02	3.226E+04			
1.224E-02	3.201E+04			
1.224E-02	3.211E+04			
1.225E-02	3.169E+04			
1.225E-02	3.191E+04			
1.225E-02	3.159E+04			
1.226E-02	3.153E+04			
1.227E-02	3.161E+04			
1.227E-02	3.141E+04			
1.228E-02	3.124E+04			
1.228E-02	3.137E+04			
1.229E-02	3.088E+04			
1.229E-02	3.124E+04			
1.229E-02	3.082E+04			
1.230E-02	3.090E+04			
1.231E-02	3.092E+04			
1.231E-02	3.048E+04			
1.232E-02	3.080E+04			
1.232E-02	3.030E+04			
1.233E-02	3.052E+04			
1.233E-02	3.030E+04			
1.234E-02	3.020E+04			
1.234E-02	3.025E+04			
1.234E-02	3.001E+04			
1.235E-02	3.006E+04			
1.236E-02	2.978E+04			
1.236E-02	2.984E+04			
1.237E-02	2.961E+04			
1.237E-02	2.964E+04			
1.238E-02	2.952E+04			
1.238E-02	2.948E+04			
1.239E-02	2.934E+04			
1.239E-02	2.921E+04			
1.239E-02	2.928E+04			
1.240E-02	2.886E+04			
1.241E-02	2.919E+04			
1.241E-02	2.868E+04			
1.242E-02	2.895E+04			
1.242E-02	2.870E+04			
1.243E-02	2.853E+04			
1.243E-02	2.861E+04			
1.244E-02	2.825E+04			
1.244E-02	2.846E+04			
1.245E-02	2.821E+04			
1.245E-02	2.819E+04			
1.246E-02	2.803E+04			
1.246E-02	2.808E+04			
1.247E-02	2.786E+04			
1.247E-02	2.778E+04			
1.248E-02	2.771E+04			
1.248E-02	2.758E+04			
1.248E-02	2.756E+04			
1.249E-02	2.744E+04			
1.250E-02	2.743E+04			
1.250E-02	2.723E+04			
1.251E-02	2.726E+04			
1.251E-02	2.700E+04			
1.252E-02	2.706E+04			
1.252E-02	2.678E+04			
1.253E-02	2.702E+04			
1.253E-02	2.665E+04			
1.253E-02	2.674E+04			
1.254E-02	2.662E+04			
1.255E-02	2.627E+04			
1.255E-02	2.661E+04			
1.256E-02	2.613E+04			
1.256E-02	2.630E+04			
1.257E-02	2.618E+04			
1.257E-02	2.594E+04			
1.258E-02	2.606E+04			
1.258E-02	2.585E+04			
1.259E-02	2.574E+04			
1.259E-02	2.583E+04			
1.260E-02	2.543E+04			
1.260E-02	2.565E+04			
1.261E-02	2.528E+04			
1.261E-02	2.543E+04			
1.262E-02	2.524E+04			
1.262E-02	2.516E+04			
1.262E-02	2.506E+04			
1.263E-02	2.494E+04			
1.264E-02	2.503E+04			
1.264E-02	2.479E+04			
1.265E-02	2.489E+04			
1.265E-02	2.463E+04			
1.266E-02	2.462E+04			
1.266E-02	2.442E+04			
1.267E-02	2.437E+04			
1.267E-02	2.436E+04			
1.267E-02	2.412E+04			
1.268E-02	2.428E+04			
1.269E-02	2.401E+04			
1.269E-02	2.391E+04			
1.270E-02	2.400E+04			
1.270E-02	2.370E+04			
1.271E-02	2.377E+04			
1.271E-02	2.353E+04			
1.272E-02	2.358E+04			
1.272E-02	2.340E+04			
1.272E-02	2.343E+04			
1.273E-02	2.324E+04			
1.274E-02	2.316E+04			
1.274E-02	2.311E+04			
1.275E-02	2.297E+04			
1.275E-02	2.301E+04			
1.276E-02	2.280E+04			
1.276E-02	2.287E+04			
1.276E-02	2.255E+04			
1.277E-02	2.279E+04			
1.278E-02	2.224E+04			
1.278E-02	2.262E+04			
1.279E-02	2.223E+04			
1.279E-02	2.222E+04			
1.280E-02	2.232E+04			
1.280E-02	2.195E+04			
1.281E-02	2.209E+04			
1.281E-02	2.181E+04			
1.281E-02	2.180E+04			
1.282E-02	2.182E+04			
1.283E-02	2.157E+04			
1.283E-02	2.169E+04			
1.284E-02	2.151E+04			
1.284E-02	2.137E+04			
1.285E-02	2.144E+04			
1.285E-02	2.120E+04			
1.286E-02	2.116E+04			
1.286E-02	2.112E+04			
1.286E-02	2.090E+04			
1.287E-02	2.106E+04			
1.288E-02	2.076E+04			
1.288E-02	2.085E+04			
1.289E-02	2.058E+04			
1.289E-02	2.067E+04			
1.290E-02	2.039E+04			
1.290E-02	2.052E+04			
1.290E-02	2.029E+04			
1.291E-02	2.025E+04			
1.292E-02	2.024E+04			
1.292E-02	1.998E+04			
1.293E-02	2.006E+04			
1.293E-02	1.992E+04			
1.294E-02	1.986E+04			
1.294E-02	1.973E+04			
1.295E-02	1.973E+04			
1.295E-02	1.956E+04			
1.295E-02	1.959E+04			
1.296E-02	1.944E+04			
1.297E-02	1.928E+04			
1.297E-02	1.930E+04			
1.298E-02	1.909E+04			
1.298E-02	1.918E+04			
1.299E-02	1.897E+04			
1.299E-02	1.901E+04			
1.300E-02	1.886E+04			
1.300E-02	1.874E+04			
1.300E-02	1.867E+04			
1.301E-02	1.869E+04			
1.302E-02	1.849E+04			
1.302E-02	1.858E+04			
1.303E-02	1.822E+04			
1.303E-02	1.847E+04			
1.304E-02	1.806E+04			
1.304E-02	1.822E+04			
1.305E-02	1.804E+04			
1.305E-02	1.791E+04			
1.306E-02	1.795E+04			
1.306E-02	1.781E+04			
1.307E-02	1.763E+04			
1.307E-02	1.774E+04			
1.308E-02	1.759E+04			
1.308E-02	1.737E+04			
1.309E-02	1.749E+04			
1.309E-02	1.729E+04			
1.309E-02	1.733E+04			
1.310E-02	1.719E+04			
1.311E-02	1.713E+04			
1.311E-02	1.702E+04			
1.312E-02	1.680E+04			
1.312E-02	1.693E+04			
1.313E-02	1.663E+04			
1.313E-02	1.690E+04			
1.314E-02	1.662E+04			
1.314E-02	1.643E+04			
1.314E-02	1.656E+04			
1.315E-02	1.624E+04			
1.316E-02	1.640E+04			
1.316E-02	1.614E+04			
1.317E-02	1.614E+04			
1.317E-02	1.611E+04			
1.318E-02	1.598E+04			
1.318E-02	1.595E+04			
1.319E-02	1.587E+04			
1.319E-02	1.575E+04			
1.320E-02	1.568E+04			
1.320E-02	1.560E+04			
1.321E-02	1.547E+04			
1.321E-02	1.552E+04			
1.322E-02	1.531E+04			
1.322E-02	1.538E+04			
1.323E-02	1.508E+04			
1.323E-02	1.523E+04			
1.323E-02	1.495E+04			
1.324E-02	1.508E+04			
1.325E-02	1.489E+04			
1.325E-02	1.489E+04			
1.326E-02	1.482E+04			
1.326E-02	1.454E+04			
1.327E-02	1.467E+04			
1.327E-02	1.446E+04			
1.328E-02	1.434E+04			
1.328E-02	1.448E+04			
1.328E-02	1.408E+04			
1.329E-02	1.443E+04			
1.330E-02	1.406E+04			
1.330E-02	1.408E+04			
1.331E-02	1.402E+04			
1.331E-02	1.388E+04			
1.332E-02	1.378E+04			
1.332E-02	1.373E+04			
1.333E-02	1.373E+04			
1.333E-02	1.357E+04			
1.333E-02	1.351E+04			
1.334E-02	1.344E+04			
1.335E-02	1.335E+04			
1.335E-02	1.325E+04			
1.336E-02	1.334E+04			
1.336E-02	1.308E+04			
1.337E-02	1.310E+04			
1.337E-02	1.297E+04			
1.337E-02	1.303E+04			
1.338E-02	1.260E+04			
1.339E-02	1.301E+04			
1.339E-02	1.245E+04			
1.340E-02	1.278E+04			
1.340E-02	1.252E+04			
1.341E-02	1.252E+04			
1.341E-02	1.228E+04			
1.342E-02	1.239E+04			
1.342E-02	1.213E+04			
1.342E-02	1.221E+04			
1.343E-02	1.205E+04			
1.344E-02	1.214E+04			
1.344E-02	1.185E+04			
1.345E-02	1.199E+04			
1.345E-02	1.178E+04			
1.346E-02	1.159E+04			
1.346E-02	1.176E+04			
1.347E-02	1.143E+04			
1.347E-02	1.157E+04			
1.347E-02	1.137E+04			
1.348E-02	1.143E+04			
1.349E-02	1.125E+04			
1.349E-02	1.122E+04			
1.350E-02	1.112E+04			
1.350E-02	1.103E+04			
1.351E-02	1.106E+04			
1.351E-02	1.077E+04			
1.351E-02	1.108E+04			
1.352E-02	1.054E+04			
1.353E-02	1.086E+04			
1.353E-02	1.062E+04			
1.354E-02	1.036E+04			
1.354E-02	1.064E+04			
1.355E-02	1.018E+04			
1.355E-02	1.050E+04			
1.356E-02	1.019E+04			
1.356E-02	1.026E+04			
1.356E-02	1.010E+04			
1.357E-02	9.951E+03			
1.358E-02	1.002E+04			
1.358E-02	9.849E+03			
1.359E-02	9.820E+03			
1.359E-02	9.870E+03			
1.360E-02	9.619E+03			
1.360E-02	9.609E+03			
1.361E-02	9.545E+03			
1.361E-02	9.402E+03			
1.361E-02	9.488E+03			
1.362E-02	9.197E+03			
1.363E-02	9.471E+03			
1.363E-02	8.924E+03			
1.364E-02	9.392E+03			
1.364E-02	8.818E+03			
1.365E-02	9.129E+03			
1.365E-02	8.824E+03			
1.366E-02	8.822E+03			
1.366E-02	8.814E+03			
1.367E-02	8.617E+03			
1.367E-02	8.768E+03			
1.368E-02	8.483E+03			
1.368E-02	8.575E+03			
1.369E-02	8.319E+03			
1.369E-02	8.494E+03			
1.370E-02	8.152E+03			
1.370E-02	8.349E+03			
1.370E-02	8.161E+03			
1.371E-02	7.969E+03			
1.372E-02	8.157E+03			
1.372E-02	7.627E+03			
1.373E-02	8.072E+03			
1.373E-02	7.557E+03			
1.374E-02	7.789E+03			
1.374E-02	7.666E+03			
1.375E-02	7.532E+03			
1.375E-02	7.551E+03			
1.375E-02	7.440E+03			
1.376E-02	7.399E+03			
1.377E-02	7.291E+03			
1.377E-02	7.249E+03			
1.378E-02	7.205E+03			
1.378E-02	7.116E+03			
1.379E-02	6.981E+03			
1.379E-02	7.130E+03			
1.380E-02	6.692E+03			
1.380E-02	6.931E+03			
1.381E-02	6.626E+03			
1.381E-02	6.775E+03			
1.382E-02	6.543E+03			
1.382E-02	6.590E+03			
1.383E-02	6.510E+03			
1.383E-02	6.304E+03			
1.384E-02	6.519E+03			
1.384E-02	6.089E+03			
1.384E-02	6.358E+03			
1.385E-02	6.060E+03			
1.386E-02	6.264E+03			
1.386E-02	5.865E+03			
1.387E-02	6.086E+03			
1.387E-02	5.768E+03			
1.388E-02	5.801E+03			
1.388E-02	5.738E+03			
1.389E-02	5.537E+03			
1.389E-02	5.653E+03			
1.389E-02	5.527E+03			
1.390E-02	5.500E+03			
1.391E-02	5.486E+03			
1.391E-02	5.208E+03			
1.392E-02	5.392E+03			
1.392E-02	5.082E+03			
1.393E-02	5.167E+03			
1.393E-02	5.113E+03			
1.394E-02	4.974E+03			
1.394E-02	4.986E+03			
1.395E-02	4.820E+03			
1.395E-02	4.898E+03			
1.396E-02	4.689E+03			
1.396E-02	4.757E+03			
1.397E-02	4.583E+03			
1.397E-02	4.644E+03			
1.398E-02	4.374E+03			
1.398E-02	4.482E+03			
1.398E-02	4.324E+03			
1.399E-02	4.311E+03			
1.400E-02	4.227E+03			
1.400E-02	4.070E+03			
1.401E-02	4.222E+03			
1.401E-02	4.006E+03			
1.402E-02	4.094E+03			
1.402E-02	3.777E+03			
1.403E-02	3.907E+03			
1.403E-02	3.697E+03			
1.403E-02	3.771E+03			
1.404E-02	3.693E+03			
1.405E-02	3.669E+03			
1.405E-02	3.521E+03			
1.406E-02	3.528E+03			
1.406E-02	3.282E+03			
1.407E-02	3.329E+03			
1.407E-02	3.261E+03			
1.408E-02	3.235E+03			
1.408E-02	3.118E+03			
1.408E-02	3.092E+03			
1.409E-02	3.024E+03			
1.410E-02	2.855E+03			
1.410E-02	2.988E+03			
1.411E-02	2.779E+03			
1.411E-02	2.778E+03			
1.412E-02	2.754E+03			
1.412E-02	2.583E+03			
1.412E-02	2.633E+03			
1.413E-02	2.499E+03			
1.414E-02	2.376E+03			
1.414E-02	2.466E+03			
1.415E-02	2.220E+03			
1.415E-02	2.317E+03			
1.416E-02	2.208E+03			
1.416E-02	2.239E+03			
1.417E-02	1.984E+03			
1.417E-02	2.012E+03			
1.417E-02	1.935E+03			
1.418E-02	1.738E+03			
1.419E-02	2.038E+03			
1.419E-02	1.608E+03			
1.420E-02	1.870E+03			
1.420E-02	1.673E+03			
1.421E-02	1.580E+03			
1.421E-02	1.547E+03			
1.422E-02	1.466E+03			
1.422E-02	1.401E+03			
1.422E-02	1.357E+03			
1.423E-02	1.330E+03			
1.424E-02	1.115E+03			
1.424E-02	1.326E+03			
1.425E-02	9.730E+02			
1.425E-02	1.118E+03			
1.426E-02	9.470E+02			
1.426E-02	8.430E+02			
1.427E-02	8.760E+02			
1.427E-02	6.850E+02			
1.428E-02	8.790E+02			
1.428E-02	5.510E+02			
1.429E-02	6.820E+02			
1.429E-02	4.750E+02			
1.430E-02	4.730E+02			
1.430E-02	4.720E+02			
1.431E-02	3.910E+02			
1.431E-02	3.880E+02			
1.431E-02	2.350E+02			
1.432E-02	2.200E+02			
1.432E-02	1.720E+02			
